Pars = struct('Date',27-Aug-2014 17:08,'Ear',1,'Gate',10,'ISI',250,'ITI',500,'MaskG',NaN,'MaskL',0,'NPractice',0,'NRvsls',8,'SigF',4,'StimDur',180,'expNam',SimNNMask_sv);
Rslts = struct('SigL',[ 50 60 60 55 55 50 50 45 45 40 40 35 35 30 30 25 25 20 20 15 15 17.5 17.5 20 20 17.5 20 20 17.5 20 20 22.5 22.5 20],...
	'idxC',[ 2 3 4 5 6 7 8 9 10 11 12 13 14 15 16 17 18 19 20 22 24 25 27 28 30 32 33],...
	'idxF',[ 1 21 23 26 29 31 34],...
	'idxR',[ 3 21 25 26 28 29 33 34];
Rvsls = [ 50 60 15 20 17.5 20 17.5 22.5 20];

Pars = struct('Date',27-Aug-2014 17:08,'Ear',1,'Gate',10,'ISI',250,'ITI',500,'MaskG',NaN,'MaskL',0,'NPractice',0,'NRvsls',8,'SigF',1,'StimDur',180,'expNam',SimNNMask_sv);
Rslts = struct('SigL',[ 50 50 40 45 45 42.5 42.5 40 40 37.5 40 40 37.5 37.5 35 37.5 37.5 40 40 37.5 37.5 35 37.5 40 40 42.5 42.5],...
	'idxC',[ 1 2 4 5 6 7 8 9 11 12 13 14 16 18 19 20 21 24 26 27],...
	'idxF',[ 3 10 15 17 22 23 25],...
	'idxR',[ 3 5 10 12 15 19 22 27];
Rvsls = [ 50 40 45 37.5 40 35 40 35 42.5];

Pars = struct('Date',27-Aug-2014 17:08,'Ear',1,'Gate',10,'ISI',250,'ITI',500,'MaskG',NaN,'MaskL',0,'NPractice',0,'NRvsls',8,'SigF',0.5,'StimDur',180,'expNam',SimNNMask_sv);
Rslts = struct('SigL',[ 50 50 40 40 45 45 42.5 42.5 40 40 37.5 37.5 35 35 37.5 37.5 35 35 32.5 35 35 32.5 32.5 35 35 37.5 37.5],...
	'idxC',[ 1 2 3 5 6 7 8 9 10 11 12 13 15 16 17 18 20 21 22 24 26 27],...
	'idxF',[ 4 14 19 23 25],...
	'idxR',[ 4 6 14 16 19 21 23 27];
Rvsls = [ 50 40 45 35 37.5 32.5 35 32.5 37.5];

Pars = struct('Date',27-Aug-2014 17:08,'Ear',1,'Gate',10,'ISI',250,'ITI',500,'MaskG',NaN,'MaskL',0,'NPractice',0,'NRvsls',8,'SigF',2,'StimDur',180,'expNam',SimNNMask_sv);
Rslts = struct('SigL',[ 50 60 60 55 55 50 50 45 45 40 40 35 35 30 32.5 35 35 32.5 32.5 35 35 32.5 32.5 30 32.5 35 37.5 37.5 35 35 32.5 32.5 30],...
	'idxC',[ 2 3 4 5 6 7 8 9 10 11 12 13 16 17 18 20 21 22 23 27 28 29 30 31 32],...
	'idxF',[ 1 14 15 19 24 25 26 33],...
	'idxR',[ 3 14 17 19 21 24 28 33];
Rvsls = [ 50 60 30 35 32.5 35 30 37.5 30];

