Ctip Ctail W Al M RMSD
1 1 0.0591253 -14.5292 0.145274 -0.00119604 3.51072
2 1 0.0916508 -9.4815 0.150553 -0.00109435 3.48579
3 1 0.0546494 -13.0682 0.150266 -0.00122393 5.37989
4 1 0.0879733 -8.42498 0.167719 -0.00104688 5.69664
5 1 0.0681895 -15.0487 0.124025 -0.00118098 2.06524
6 1 0.0516826 -12.569 0.157594 -0.00114776 4.85747
7 1 0.0688608 -13.3201 0.143068 -0.00110598 2.23953
8 1 0.0431846 -16.0507 0.147665 -0.00119446 2.09636
9 1 0.056058 -13.2499 0.147003 -0.00113957 4.15281
10 1 0.0952563 -19.4489 0.0700017 -0.00151632 4.17153
11 1 0.0399757 -15.3715 0.148583 -0.00107907 3.61545
12 1 0.0604506 -14.2302 0.127479 -0.00108035 2.98714
13 1 0.0732677 -13.8872 0.114113 -0.0012523 2.26273
14 1 0.0479289 -18.8623 0.0977427 -0.00132157 3.83485
15 1 0.0617464 -14.2991 0.144585 -0.0011853 3.41726
16 1 0.0795965 -16.0889 0.101434 -0.0012378 4.05995
17 1 0.0327602 -14.0841 0.14518 -0.00117702 4.50546
18 1 0.01 -22.189 0.0948518 -0.00143488 3.69814
19 1 0.0631825 -12.7087 0.15075 -0.00144468 5.53872
20 1 0.0715679 -10.737 0.177459 -0.00101288 5.08629
21 1 0.0437955 -14.0823 0.160143 -0.00113851 2.55593
22 1 0.0596271 -10.9303 0.20076 -0.000857216 3.82351
23 1 0.0583308 -12.4396 0.166894 -0.000954363 2.62274
24 1 0.0548572 -12.8496 0.160904 -0.00106856 3.05341
25 1 0.0529278 -13.0262 0.187039 -0.000912368 2.60478
26 1 0.0589714 -15.4602 0.125143 -0.00138981 3.15644
27 1 0.0235377 -15.8582 0.171383 -0.00117557 4.60363
28 1 0.0800126 -11.7036 0.169898 -0.00112121 3.48439
29 1 0.0338391 -16.1047 0.162639 -0.00118981 3.8383
30 1 0.0501365 -15.994 0.128709 -0.00125581 4.48123
31 1 0.0510608 -13.3277 0.161877 -0.00118491 2.18997
32 1 0.0728635 -13.3323 0.143168 -0.0012371 3.8697
33 1 0.0490181 -16.5214 0.132672 -0.00134297 2.58124
34 1 0.0497652 -15.4724 0.149596 -0.00113829 2.02585
35 1 0.0756978 -12.4565 0.125378 -0.00127623 2.94651
36 1 0.0842206 -13.2259 0.117343 -0.00123273 2.46133
37 1 0.0487096 -16.2745 0.119677 -0.00136776 2.29645
38 1 0.0710987 -12.5639 0.162659 -0.000957577 2.23112
39 1 0.0362699 -17.1896 0.154627 -0.00125043 3.52858
40 1 0.081362 -11.8249 0.146768 -0.00107875 4.48994
41 1 0.0423761 -15.6725 0.155527 -0.00127697 2.43806
42 1 0.072449 -12.0521 0.171536 -0.0010222 2.6919
43 1 0.0399176 -18.2502 0.136941 -0.00122443 3.42281
44 1 0.0744366 -14.8625 0.126563 -0.00111716 5.78359
45 1 0.0536418 -12.4802 0.187338 -0.00090446 4.07746
46 1 0.0548239 -14.9072 0.136945 -0.00121659 3.49766
47 1 0.0718747 -13.3369 0.161045 -0.000937653 3.44227
48 1 0.0349447 -15.2457 0.147712 -0.00119361 3.5761
49 1 0.0306062 -16.0958 0.15086 -0.00125609 2.98705
50 1 0.0514558 -21.0793 0.0985762 -0.00147261 3.13979
51 1 0.078352 -12.4623 0.150477 -0.00116539 3.79186
52 1 0.063869 -12.0164 0.17155 -0.00106118 3.13741
53 1 0.044582 -13.5069 0.181392 -0.00112893 3.57006
54 1 0.0544689 -14.9336 0.16135 -0.00102249 3.9689
55 1 0.0703454 -19.2208 0.101246 -0.00133395 3.66523
56 1 0.0656977 -16.1098 0.100498 -0.00125714 3.25423
57 1 0.0560068 -12.2972 0.175365 -0.000943832 2.88009
58 1 0.0917136 -15.7919 0.0914759 -0.00129167 2.39238
59 1 0.0503902 -15.9708 0.151598 -0.000945985 2.13338
60 1 0.0625972 -14.4279 0.152597 -0.00108138 2.96988
61 1 0.0386822 -15.571 0.13145 -0.000990465 4.01973
62 1 0.0377136 -16.428 0.188067 -0.00116371 4.84525
63 1 0.0524588 -13.8676 0.175957 -0.00113854 5.50555
64 1 0.0388345 -15.4344 0.174519 -0.000982338 4.24347
65 1 0.0506996 -12.9649 0.200018 -0.00100327 5.63683
66 1 0.045663 -16.5179 0.163978 -0.00118764 3.55676
67 1 0.0563976 -17.9234 0.102281 -0.00138219 2.85702
68 1 0.0580384 -12.7362 0.194517 -0.000965695 3.50706
69 1 0.0658656 -11.1598 0.198087 -0.000878046 5.25125
70 1 0.0733146 -12.7134 0.16614 -0.00093874 4.67056
71 1 0.032345 -15.5509 0.153869 -0.0013064 2.79515
72 1 0.0658798 -15.2837 0.110314 -0.00132194 5.11107
73 1 0.0740193 -11.7295 0.147712 -0.00106713 3.2245
74 1 0.0836666 -13.1745 0.12606 -0.00112239 3.02015
75 1 0.0806484 -11.858 0.152597 -0.000905162 3.97185
76 1 0.0204478 -19.1466 0.115381 -0.00143562 3.48345
77 1 0.0671036 -14.3701 0.135938 -0.00122521 2.57554
78 1 0.0484843 -15.1572 0.132228 -0.0012579 3.50594
79 1 0.0405876 -16.3709 0.132305 -0.00114629 2.79121
80 1 0.0478555 -17.1984 0.128218 -0.00120224 2.85668
81 1 0.0743513 -12.2251 0.157182 -0.00111014 3.44288
82 1 0.0487555 -14.6434 0.173674 -0.0010742 5.91667
83 1 0.0725958 -11.713 0.171743 -0.00084363 3.05856
84 1 0.0218304 -25 0.0786925 -0.00182036 1.97524
85 1 0.0613335 -15.1081 0.139837 -0.00110348 4.13264
86 1 0.0584253 -16.1845 0.118162 -0.00107341 3.13221
87 1 0.044998 -14.3114 0.160021 -0.000998709 4.17067
88 1 0.0502605 -15.6115 0.15163 -0.00104951 4.32439
89 1 0.0818774 -11.2094 0.156048 -0.0009627 3.288
90 1 0.0781776 -13.5118 0.153641 -0.000922759 2.34483
91 1 0.0739414 -12.1406 0.158755 -0.00117892 3.50159
92 1 0.0620671 -12.4827 0.169518 -0.00108512 3.57161
93 1 0.0474959 -16.3702 0.119378 -0.00140631 2.56204
94 1 0.0658622 -14.0072 0.152557 -0.00125662 4.43922
95 1 0.062881 -14.4956 0.177132 -0.00133704 6.73247
96 1 0.0682653 -11.6468 0.187975 -0.00103164 4.95034
97 1 0.0356202 -19.1917 0.130649 -0.00150835 4.09951
98 1 0.0570008 -12.5975 0.208055 -0.0009161 5.27687
99 1 0.0794265 -13.8597 0.123283 -0.00132731 5.69727
100 1 0.0692728 -13.6706 0.129194 -0.00119363 2.90626
101 1 0.051649 -15.18 0.13801 -0.00124447 3.18279
102 1 0.0806974 -9.34945 0.176471 -0.00100676 2.89785
103 1 0.0463128 -16.0374 0.137555 -0.00138428 3.27439
104 1 0.0736212 -12.6376 0.157735 -0.00104997 3.10797
105 1 0.0794662 -10.6037 0.156365 -0.00106278 3.37534
106 1 0.0305777 -17.3079 0.155112 -0.00112486 2.60482
107 1 0.0301398 -15.051 0.180947 -0.000898159 3.48588
108 1 0.0593179 -13.5513 0.157353 -0.000947367 1.71938
109 1 0.0573405 -18.3728 0.102053 -0.00143476 2.41265
110 1 0.0827948 -14.8428 0.103144 -0.00121582 3.38817
111 1 0.01 -19.6373 0.14594 -0.00143422 3.68457
112 1 0.056981 -14.5309 0.196176 -0.00127128 6.5904
113 1 0.0434004 -15.5525 0.192131 -0.00127413 6.51721
114 1 0.0478704 -16.0123 0.161281 -0.00142564 3.63481
115 1 0.0758406 -10.826 0.202426 -0.000974788 4.07147
116 1 0.0468667 -17.3613 0.141991 -0.00146062 4.43163
117 1 0.081246 -13.3603 0.161424 -0.00112818 5.33523
118 1 0.0640983 -14.0081 0.145892 -0.00124272 3.78349
119 1 0.0714279 -13.1541 0.152902 -0.00121303 3.96522
120 1 0.0525817 -16.9183 0.15036 -0.00120358 3.23977
121 1 0.0410388 -18.3049 0.125774 -0.00151448 3.0929
122 1 0.0312854 -16.1514 0.179244 -0.00111268 4.08611
123 1 0.0588914 -17.1769 0.124367 -0.0014341 3.14906
124 1 0.0533401 -17.1147 0.115601 -0.00133537 2.85007
125 1 0.0720688 -13.4512 0.150693 -0.0012704 6.33378
126 1 0.064172 -16.2697 0.133631 -0.0014714 4.97026
127 1 0.0413524 -17.9152 0.12798 -0.0016129 3.23698
128 1 0.0560499 -14.81 0.150576 -0.0011965 5.13245
129 1 0.0704295 -18.324 0.104398 -0.00151897 4.22413
130 1 0.0713086 -14.1416 0.131787 -0.00125648 4.73594
131 1 0.0683289 -11.683 0.169481 -0.00097627 4.55261
132 1 0.0624599 -14.7512 0.13953 -0.00120153 2.83355
133 1 0.0487877 -17.6019 0.112752 -0.0015032 3.33275
134 1 0.0548996 -13.1077 0.169588 -0.000972435 3.99389
135 1 0.0632367 -13.2523 0.159146 -0.00116852 3.12502
136 1 0.0656038 -13.3444 0.144664 -0.00122457 2.80475
137 1 0.0795835 -15.0842 0.116686 -0.0013943 3.7553
138 1 0.105065 -14.7449 0.103228 -0.00136401 3.76186
139 1 0.066623 -12.7874 0.173944 -0.00104333 2.20609
140 1 0.0561957 -14.7643 0.169577 -0.000944773 4.24151
141 1 0.0455454 -13.0771 0.195404 -0.000831111 5.01083
142 1 0.037224 -14.1014 0.185408 -0.0010374 3.32209
143 1 0.0147873 -19.4248 0.119717 -0.00153391 2.74151
144 1 0.0706109 -15.5148 0.122382 -0.00121417 2.21771
145 1 0.0312099 -15.0151 0.193623 -0.00103851 2.8153
146 1 0.102626 -9.78575 0.181175 -0.00104563 7.94268
147 1 0.0745474 -12.9347 0.153261 -0.00105679 3.58695
148 1 0.0687716 -14.1988 0.144949 -0.00122389 2.04816
149 1 0.0250743 -17.0239 0.153542 -0.00143444 2.85942
150 1 0.0530576 -13.2779 0.162 -0.0011409 3.01869
151 1 0.01 -19.6012 0.127825 -0.00165403 4.02465
152 1 0.0520678 -18.2978 0.102256 -0.00154462 3.05781
153 1 0.0587511 -15.2038 0.143108 -0.00114673 2.00949
154 1 0.0551499 -14.271 0.170084 -0.00105995 2.80629
155 1 0.0663587 -16.3833 0.110097 -0.00135473 3.08259
156 1 0.0490142 -16.2693 0.157408 -0.00104614 3.18213
157 1 0.0549871 -14.6977 0.134206 -0.00113591 3.11051
158 1 0.0343358 -15.741 0.140329 -0.00127633 4.42282
159 1 0.0530339 -14.9925 0.146308 -0.000985375 2.72876
160 1 0.0573196 -15.955 0.12569 -0.00109774 2.35856
161 1 0.0393462 -16.1464 0.140544 -0.00106749 2.66853
162 1 0.0467947 -19.2365 0.109899 -0.00129352 2.6657
163 1 0.0676962 -14.6217 0.130117 -0.00122666 2.1566
164 1 0.027445 -16.8481 0.138919 -0.00128901 2.39397
165 1 0.0577177 -12.405 0.174244 -0.000867739 2.44318
166 1 0.0413666 -15.394 0.160592 -0.000983573 1.84947
167 1 0.0489817 -16.245 0.141175 -0.00112154 2.59296
168 1 0.0338213 -18.0736 0.116571 -0.00122737 2.74949
169 1 0.0787648 -18.0027 0.0746687 -0.00159191 3.12026
170 1 0.0612244 -15.0438 0.145924 -0.00118328 2.54521
171 1 0.0365878 -14.5699 0.194928 -0.000896764 4.0001
172 1 0.0473113 -20.2015 0.0843863 -0.00158421 2.68171
173 1 0.0210643 -16.4851 0.178765 -0.00106183 5.4818
174 1 0.0499816 -18.2421 0.121005 -0.00120887 2.37364
175 1 0.0454176 -21.5773 0.106132 -0.00131011 3.0648
176 1 0.0350132 -18.5603 0.118002 -0.00122806 2.47337
177 1 0.0357745 -15.3144 0.174397 -0.000895225 2.53948
178 1 0.0121529 -25 0.104101 -0.00155906 3.04678
179 1 0.01 -17.4216 0.17585 -0.0010583 4.18882
180 1 0.0433873 -15.1422 0.169114 -0.00143047 4.18345
181 1 0.0688882 -13.7835 0.156201 -0.00104757 4.95746
182 1 0.0642151 -14.4815 0.164781 -0.00111807 6.01596
183 1 0.0544339 -15.758 0.149094 -0.00130737 4.45592
184 1 0.0453922 -14.5814 0.181192 -0.00111288 3.94132
185 1 0.0573276 -14.8875 0.171243 -0.00106184 5.17017
186 1 0.0345037 -15.65 0.170753 -0.00125951 3.61471
187 1 0.0524922 -14.7015 0.158446 -0.00125576 2.85817
188 1 0.0617142 -13.9086 0.152532 -0.00120231 4.43383
189 1 0.050437 -16.1344 0.137606 -0.00111966 4.44585
190 1 0.0703055 -13.2239 0.155256 -0.00119204 4.56585
191 1 0.0639253 -12.7044 0.180972 -0.000960658 4.91153
192 1 0.0714364 -14.806 0.140923 -0.00119622 4.14451
193 1 0.0825441 -13.4704 0.14083 -0.00119674 2.92924
194 1 0.0509892 -17.0609 0.134414 -0.00133617 3.06436
195 1 0.0489478 -15.771 0.158641 -0.00118132 3.27897
196 1 0.0434494 -15.1584 0.154193 -0.0012383 3.30826
197 1 0.0573853 -18.6125 0.119662 -0.00139141 3.72017
198 1 0.0666046 -15.7265 0.132662 -0.00118239 3.37618
199 1 0.0339503 -18.6657 0.12162 -0.00141202 3.35912
200 1 0.047129 -15.0689 0.171077 -0.00102923 3.42115
201 1 0.0683559 -13.1001 0.188428 -0.00106371 5.51324
202 1 0.0750704 -12.9282 0.188581 -0.00101479 6.08785
203 1 0.0713018 -13.2119 0.190974 -0.00095808 6.56888
204 1 0.0494412 -14.69 0.160885 -0.00134136 4.72275
205 1 0.0383846 -16.258 0.14766 -0.00137647 2.92548
206 1 0.0706005 -14.9971 0.134591 -0.00119041 2.74092
207 1 0.0511272 -17.9314 0.143213 -0.00129711 2.58346
208 1 0.0496626 -19.3388 0.119448 -0.00143599 3.20335
209 1 0.0894031 -18.921 0.0941058 -0.00142299 3.71022
210 1 0.0796639 -13.6885 0.149356 -0.00105602 3.9372
211 1 0.0654434 -14.1287 0.129612 -0.00116869 4.41544
212 1 0.0705855 -14.187 0.128333 -0.00117046 4.03683
213 1 0.0741602 -15.5103 0.108774 -0.00131428 4.20497
214 1 0.0671661 -18.1072 0.104628 -0.0013114 4.10956
215 1 0.0702951 -13.4965 0.139594 -0.000950685 4.86525
216 1 0.093127 -10.7695 0.167664 -0.000891939 4.96665
217 1 0.0569154 -12.6243 0.188638 -0.000917927 4.69349
218 1 0.0242455 -18.4526 0.145274 -0.00122921 4.08787
219 1 0.0667603 -16.8796 0.116175 -0.00123828 4.33647
220 1 0.0972629 -11.3429 0.137626 -0.00118001 4.46172
221 1 0.0707389 -12.3355 0.164273 -0.00104707 2.62336
222 1 0.074939 -13.6883 0.146704 -0.00102318 3.3374
223 1 0.0537998 -14.1841 0.161611 -0.00102445 4.2865
224 1 0.0641894 -12.6103 0.16221 -0.00100828 3.51433
225 1 0.0731241 -14.5505 0.124022 -0.00120963 3.0453
226 1 0.0731735 -12.2753 0.164641 -0.000925917 2.66226
227 1 0.0897188 -13.2868 0.110179 -0.00123968 3.30861
228 1 0.0581806 -16.5273 0.144671 -0.00109313 3.41314
229 1 0.0891981 -13.3684 0.141323 -0.00103097 3.1024
230 1 0.0736867 -15.7031 0.122104 -0.00127791 3.33038
231 1 0.0699827 -13.191 0.168299 -0.000827823 2.68713
232 1 0.0699371 -19.0467 0.0985008 -0.0014639 4.41078
233 1 0.0527571 -16.1049 0.13535 -0.00102153 2.6075
234 1 0.0594205 -15.6951 0.136838 -0.00119378 3.58763
235 1 0.0178893 -19.2486 0.116238 -0.00141227 3.49663
236 1 0.0762245 -12.2914 0.147021 -0.0010777 2.04269
237 1 0.0656728 -12.6419 0.1546 -0.00111974 2.6225
238 1 0.0650265 -14.4215 0.169146 -0.00101359 3.31929
239 1 0.0738448 -15.6709 0.126024 -0.00119509 3.5315
240 1 0.072452 -17.3802 0.106638 -0.00143066 2.94107
241 1 0.0687763 -13.6036 0.152231 -0.00097693 4.63576
242 1 0.0591109 -14.5226 0.153918 -0.00104108 2.28744
243 1 0.0867207 -13.8812 0.11555 -0.00122715 2.32879
244 1 0.0691068 -12.7268 0.157442 -0.00118769 3.42166
245 1 0.0744872 -16.1129 0.110999 -0.00128132 2.37977
246 1 0.0395846 -13.5081 0.196624 -0.000786812 4.74842
247 1 0.0490719 -14.3441 0.167366 -0.000929331 2.30486
248 1 0.0428292 -15.6255 0.171817 -0.000875149 2.79994
249 1 0.0427901 -16.1882 0.154161 -0.00116993 3.23708
250 1 0.0169551 -20.8521 0.120017 -0.00138417 2.26335
251 1 0.038486 -17.3835 0.136768 -0.00123443 2.33765
252 1 0.039559 -14.3419 0.184704 -0.000799844 4.1518
253 1 0.0348624 -15.7648 0.148409 -0.00110169 3.55991
254 1 0.0535161 -19.4865 0.1016 -0.00137226 2.59169
255 1 0.0519339 -18.9456 0.0998841 -0.00137644 2.48453
256 1 0.0681706 -15.5493 0.149087 -0.00108094 2.69776
257 1 0.0464334 -16.8382 0.146661 -0.00111766 2.33665
258 1 0.067239 -12.9781 0.157264 -0.00114514 2.78054
259 1 0.0608134 -12.604 0.174817 -0.00105135 4.65746
260 1 0.07744 -12.7056 0.161441 -0.00106781 4.15734
261 1 0.0542837 -14.0009 0.1596 -0.00108346 4.05533
262 1 0.0830289 -11.9149 0.171837 -0.000907525 4.61278
263 1 0.0493698 -13.2719 0.202954 -0.000814069 3.28531
264 1 0.0697895 -16.6135 0.143226 -0.00114931 2.58639
265 1 0.0716981 -15.2957 0.132926 -0.0010916 1.82562
266 1 0.0425382 -16.6569 0.148163 -0.00135267 2.58045
267 1 0.0778438 -16.8085 0.107382 -0.00130479 2.64039
268 1 0.0546238 -14.7366 0.156268 -0.00106098 3.51308
269 1 0.0546323 -12.5542 0.199629 -0.000733735 4.81556
270 1 0.0528856 -16.0522 0.13576 -0.00117096 2.54355
271 1 0.0465649 -14.9631 0.160103 -0.00100086 3.7972
272 1 0.0307475 -24.3868 0.0800907 -0.00177081 2.66147
273 1 0.0366961 -18.238 0.151036 -0.00113295 3.12722
274 1 0.076262 -13.1607 0.137207 -0.00113393 5.29699
275 1 0.0760788 -12.9087 0.133407 -0.0010804 3.84021
276 1 0.0510809 -16.0308 0.155885 -0.0010179 3.35098
277 1 0.0664541 -13.8188 0.153554 -0.000911958 4.02381
278 1 0.0436848 -17.9408 0.115618 -0.00125175 4.34197
279 1 0.0506608 -15.0948 0.147333 -0.00101036 4.33523
280 1 0.0634049 -12.8687 0.158131 -0.000931186 3.48779
281 1 0.0622286 -15.4301 0.122864 -0.00116838 2.85362
282 1 0.0447602 -14.3412 0.14974 -0.00104837 4.11581
283 1 0.0609547 -15.6783 0.141356 -0.00100359 2.06021
284 1 0.0516628 -14.6956 0.172904 -0.000825514 3.67835
285 1 0.0293329 -21.0062 0.106093 -0.00139334 3.03823
286 1 0.0539897 -17.1263 0.108414 -0.00115846 3.47667
287 1 0.055726 -16.3223 0.128789 -0.00100475 3.563
288 1 0.076638 -16.8425 0.0959954 -0.00123725 3.38834
289 1 0.0599782 -14.4224 0.150497 -0.000946656 3.34009
290 1 0.0577248 -14.2874 0.172006 -0.000766536 3.18254
291 1 0.0767165 -13.8275 0.108209 -0.00137043 2.46729
292 1 0.0807749 -15.944 0.104814 -0.00124874 4.02043
293 1 0.0417536 -14.3443 0.172759 -0.000935746 4.14955
294 1 0.0546 -12.6706 0.173058 -0.000974573 2.58455
295 1 0.066136 -18.2056 0.0926104 -0.00147168 2.48637
296 1 0.0463492 -13.7144 0.189244 -0.000872275 2.82838
297 1 0.0518408 -12.9694 0.184263 -0.0008743 5.13857
298 1 0.0653169 -13.2481 0.165565 -0.000835808 2.88343
299 1 0.0594171 -16.83 0.112735 -0.00129162 1.86347
300 1 0.0847161 -15.6271 0.0951018 -0.00121181 1.75023
301 1 0.0424191 -15.9649 0.144777 -0.00115231 3.68822
302 1 0.0615124 -18.2533 0.0955935 -0.00133328 2.39483
303 1 0.0317557 -15.0603 0.181439 -0.000916638 3.75549
304 1 0.0419803 -20.3958 0.095167 -0.00147819 3.88326
305 1 0.01 -19.9403 0.117304 -0.00139165 3.91665
306 1 0.01 -18.6271 0.144926 -0.00109665 4.97977
307 1 0.0291265 -15.3741 0.165541 -0.000826339 4.95497
308 1 0.0402603 -13.3951 0.171105 -0.00109193 3.62206
309 1 0.0171389 -20.2957 0.111572 -0.00166304 3.02927
310 1 0.0486917 -16.8037 0.137549 -0.00122867 4.11518
311 1 0.0758191 -12.7667 0.143373 -0.000913018 4.78084
312 1 0.0664325 -14.2944 0.139121 -0.00107576 4.14339
313 1 0.035624 -16.2593 0.167263 -0.000943026 3.32674
314 1 0.0370495 -15.4621 0.159505 -0.00106659 2.90264
315 1 0.0606316 -13.9267 0.14579 -0.000881542 3.1149
316 1 0.0191802 -19.8664 0.134406 -0.00134609 2.84196
317 1 0.0662143 -16.5068 0.132557 -0.0010982 2.70912
318 1 0.0517675 -14.7128 0.162061 -0.000829937 3.17641
319 1 0.0461083 -15.4984 0.153984 -0.000948698 2.36427
320 1 0.0726862 -13.3605 0.152408 -0.00136875 5.13326
321 1 0.0664658 -14.4876 0.166578 -0.00122511 4.86476
322 1 0.0702933 -18.9415 0.104347 -0.00169308 4.92037
323 1 0.0802105 -13.0648 0.146586 -0.00115996 4.95635
324 1 0.0576496 -15.132 0.144055 -0.00132869 5.2662
325 1 0.0593198 -14.4072 0.178259 -0.00100075 4.08213
326 1 0.0544643 -16.128 0.144916 -0.00118795 4.43667
327 1 0.0765912 -11.5996 0.187364 -0.000993547 3.12311
328 1 0.0663281 -16.5159 0.13465 -0.00120934 3.29564
329 1 0.0500842 -13.8227 0.194277 -0.000953271 3.33488
330 1 0.054548 -21.8036 0.0962856 -0.00189704 3.87154
331 1 0.0610928 -16.1055 0.143791 -0.00131536 3.15631
332 1 0.0594367 -15.9292 0.150274 -0.00116706 2.91509
333 1 0.0634648 -20.4087 0.0899297 -0.00165551 4.59462
334 1 0.0641003 -17.0973 0.135145 -0.00133963 3.61452
335 1 0.0569375 -14.4129 0.18005 -0.000941411 3.81117
336 1 0.0745346 -15.0239 0.144112 -0.00114639 4.80817
337 1 0.0713621 -10.6833 0.209192 -0.000798912 5.30499
338 1 0.080759 -13.3941 0.158456 -0.00112485 3.50032
339 1 0.0859101 -15.0276 0.118793 -0.0011562 4.44633
340 1 0.0751835 -12.6265 0.159804 -0.00103567 2.97071
341 1 0.062224 -15.9065 0.122111 -0.00133288 2.86201
342 1 0.0603753 -15.2779 0.138195 -0.00123926 2.74064
343 1 0.0595648 -15.3312 0.168772 -0.000981091 2.99205
344 1 0.0555833 -17.658 0.131362 -0.00136398 2.77772
345 1 0.0583466 -13.755 0.175631 -0.000824351 3.67703
346 1 0.0429286 -15.5186 0.184594 -0.00106615 3.87017
347 1 0.0929917 -14.8399 0.121949 -0.00132874 3.71227
348 1 0.0429189 -12.7606 0.237651 -0.000597003 5.81507
349 1 0.0219662 -17.3188 0.158285 -0.00121743 3.596
350 1 0.0755244 -14.29 0.152613 -0.00101979 2.88313
351 1 0.0399215 -21.9775 0.113454 -0.00139606 3.7782
352 1 0.0539678 -16.4696 0.147525 -0.00128085 3.78677
353 1 0.0528672 -15.1032 0.171001 -0.00109989 4.23297
354 1 0.0576663 -13.1894 0.189436 -0.000869013 5.56302
355 1 0.0703584 -14.6193 0.145016 -0.00111368 2.88403
356 1 0.044332 -20.241 0.132367 -0.00143803 3.40974
357 1 0.0732816 -15.0505 0.133907 -0.00120696 2.97237
358 1 0.0227377 -25 0.0591146 -0.00212943 5.03863
359 1 0.0518688 -19.7218 0.113208 -0.00154339 3.85278
360 1 0.0900584 -12.0864 0.132043 -0.00112925 5.22798
361 1 0.0636112 -13.5591 0.170976 -0.000942415 5.76308
362 1 0.0768671 -14.9029 0.113904 -0.00131014 4.53415
363 1 0.0691042 -12.4368 0.166984 -0.000913498 4.42
364 1 0.0969439 -12.0881 0.135247 -0.00112631 3.87405
365 1 0.0765183 -12.1348 0.177034 -0.000813067 5.01476
366 1 0.0933467 -14.5759 0.108568 -0.00123183 3.89647
367 1 0.045397 -15.6439 0.1619 -0.00103159 3.9218
368 1 0.0575987 -13.3396 0.190989 -0.000761483 3.88901
369 1 0.0378197 -15.7417 0.154324 -0.00099879 4.1408
370 1 0.055765 -13.7874 0.173102 -0.000918738 4.81521
371 1 0.0348032 -15.4544 0.17759 -0.000764251 4.58595
372 1 0.0909177 -11.66 0.149153 -0.00112887 5.26986
373 1 0.0739912 -12.6108 0.158897 -0.000957979 3.75434
374 1 0.0642268 -16.5288 0.125488 -0.00125299 2.17357
375 1 0.0748556 -12.5727 0.154312 -0.0010229 2.98781
376 1 0.055078 -14.3987 0.149095 -0.00108919 3.53123
377 1 0.0892433 -11.4753 0.144959 -0.000985122 2.39182
378 1 0.0708639 -17.6644 0.108638 -0.00132224 2.81555
379 1 0.0593121 -17.1194 0.134519 -0.00131378 2.785
380 1 0.0657742 -18.0207 0.105043 -0.00129827 2.24493
381 1 0.0524008 -19.4367 0.104067 -0.00140856 2.74241
382 1 0.0555403 -15.6324 0.154531 -0.000998142 2.59598
383 1 0.0501702 -18.666 0.128358 -0.0012886 3.25368
384 1 0.0261177 -17.5858 0.138207 -0.0011605 5.04133
385 1 0.0701065 -14.8456 0.139153 -0.00111474 2.09671
386 1 0.0739087 -12.7832 0.138981 -0.00116112 2.72034
387 1 0.0670212 -14.2025 0.1667 -0.000992748 4.02166
388 1 0.0696086 -14.6367 0.159279 -0.000950975 4.21132
389 1 0.0662653 -14.7208 0.141178 -0.0012854 3.40477
390 1 0.0207908 -15.2326 0.184334 -0.00109773 4.19858
391 1 0.0810483 -14.7596 0.135225 -0.00100647 2.36101
392 1 0.0484824 -17.3969 0.140653 -0.00116407 2.29431
393 1 0.0504446 -14.7932 0.151013 -0.000938688 4.10699
394 1 0.0628788 -25 0.0865151 -0.0015185 3.04098
395 1 0.0316249 -16.6805 0.159593 -0.00112569 3.40016
396 1 0.019094 -16.6427 0.172919 -0.000979981 4.12996
397 1 0.0379719 -16.211 0.163376 -0.00100125 3.00303
398 1 0.0812804 -25 0.0742095 -0.00151654 3.41474
399 1 0.0814104 -13.6709 0.137482 -0.00103258 6.36402
400 1 0.0514256 -14.9782 0.143109 -0.00105159 5.48068
401 1 0.0720379 -12.3196 0.170169 -0.000801126 4.53804
402 1 0.058416 -14.8581 0.124292 -0.00119524 5.60138
403 1 0.0824121 -13.0623 0.126293 -0.00110242 5.07046
404 1 0.0416202 -14.4543 0.161908 -0.000900965 5.96033
405 1 0.0856485 -16.7482 0.0983608 -0.0012305 5.34795
406 1 0.01 -21.6458 0.113501 -0.00139454 5.00464
407 1 0.0919536 -12.4774 0.13697 -0.00105706 3.75649
408 1 0.069769 -14.7101 0.123552 -0.00118371 2.82419
409 1 0.0616009 -17.4812 0.115712 -0.00111165 3.74517
410 1 0.10366 -12.1631 0.143658 -0.000973658 4.60409
411 1 0.0579765 -12.7683 0.169971 -0.000758101 4.88809
412 1 0.0834073 -15.0628 0.120184 -0.000958287 2.74158
413 1 0.0597089 -16.5644 0.108255 -0.00121885 3.67205
414 1 0.0974629 -16.7301 0.0843352 -0.00130356 3.7305
415 1 0.0595891 -17.419 0.108912 -0.00102401 3.45426
416 1 0.0681818 -13.2308 0.138878 -0.00107044 3.55672
417 1 0.0561475 -12.7428 0.185335 -0.000734291 3.97201
418 1 0.0974758 -17.135 0.098828 -0.00133416 2.92555
419 1 0.0650686 -14.8879 0.143155 -0.000949241 3.05871
420 1 0.0763946 -13.7312 0.154364 -0.00110385 4.52416
421 1 0.0778048 -13.8539 0.135505 -0.00114409 3.75385
422 1 0.0496619 -13.8335 0.179872 -0.000747199 4.47586
423 1 0.0373831 -14.3661 0.166081 -0.000899405 3.88909
424 1 0.0492569 -16.9698 0.127376 -0.00116987 3.3345
425 1 0.0558632 -15.0701 0.166003 -0.00083855 3.32041
426 1 0.0836769 -14.4562 0.131046 -0.00100186 4.50258
427 1 0.078433 -11.6312 0.1908 -0.000917131 5.83312
428 1 0.0597256 -14.7887 0.149053 -0.00110097 2.2294
429 1 0.0534361 -16.422 0.100284 -0.00142981 2.97458
430 1 0.0689302 -15.3222 0.113785 -0.00115513 2.57323
431 1 0.0158806 -19.0038 0.135814 -0.00126008 2.98508
432 1 0.0554698 -14.0941 0.166642 -0.00083349 2.05365
433 1 0.0396236 -22.7747 0.0878697 -0.00150262 2.65482
434 1 0.0614706 -18.7868 0.0941449 -0.00124571 5.61858
435 1 0.0437894 -15.4166 0.168183 -0.000846982 4.05986
436 1 0.0367004 -17.138 0.142288 -0.000811247 4.62811
437 1 0.062434 -14.0213 0.167283 -0.0012904 4.47985
438 1 0.0662848 -13.9916 0.15277 -0.00120814 4.76391
439 1 0.0670907 -13.5552 0.168965 -0.00120244 5.44805
440 1 0.0731464 -12.9658 0.162622 -0.00119898 5.54716
441 1 0.0528955 -13.3455 0.187493 -0.00113365 5.36418
442 1 0.0449508 -17.6646 0.132926 -0.0013869 3.44836
443 1 0.0412741 -17.2505 0.139245 -0.00138231 3.02613
444 1 0.0653018 -12.0993 0.18407 -0.00106277 6.13431
445 1 0.0397952 -17.613 0.154344 -0.00122981 4.89623
446 1 0.0473018 -16.5222 0.118865 -0.00145952 3.20901
447 1 0.0262242 -21.625 0.106359 -0.0015528 3.36317
448 1 0.0577915 -12.3649 0.189722 -0.00106512 4.46738
449 1 0.0326198 -18.1147 0.139735 -0.00140404 3.9601
450 1 0.067443 -20.5231 0.100672 -0.00143736 4.12383
451 1 0.0452182 -15.3993 0.190004 -0.00128342 5.72746
452 1 0.0768867 -13.1572 0.160245 -0.00130566 4.49943
453 1 0.0521698 -15.5064 0.171603 -0.00127848 4.3505
454 1 0.0433136 -18.2844 0.131634 -0.00167523 4.81989
455 1 0.0728365 -14.6877 0.13171 -0.00118556 4.38645
456 1 0.058381 -14.36 0.168339 -0.0011966 3.33248
457 1 0.0581473 -16.5931 0.136524 -0.00133802 4.38378
458 1 0.0501366 -18.6139 0.130307 -0.00141278 5.52453
459 1 0.0528947 -15.6389 0.149036 -0.00117365 4.16087
460 1 0.0503162 -17.2864 0.131013 -0.00135756 3.72577
461 1 0.0812237 -14.3629 0.138933 -0.00127454 5.04604
462 1 0.0676096 -13.276 0.174354 -0.000939602 3.14372
463 1 0.0680425 -18.812 0.111069 -0.00141123 4.1539
464 1 0.0469771 -19.6154 0.117257 -0.00152244 3.6161
465 1 0.0523369 -14.0268 0.164268 -0.000987328 2.68431
466 1 0.0370224 -19.6662 0.119527 -0.00152967 3.26491
467 1 0.0558427 -13.7623 0.186287 -0.00117066 5.4037
468 1 0.079028 -11.7428 0.166843 -0.00101802 4.26079
469 1 0.0511616 -14.0879 0.184564 -0.00103165 3.1419
470 1 0.0510625 -19.3504 0.0993704 -0.00139277 3.99639
471 1 0.0685226 -15.9678 0.11377 -0.00120674 4.04931
472 1 0.0649232 -17.2591 0.122093 -0.0012608 3.23883
473 1 0.0633184 -24.9179 0.0738003 -0.00156068 4.34381
474 1 0.051254 -17.7571 0.115016 -0.00146378 3.31799
475 1 0.0708815 -14.8411 0.148457 -0.00104186 4.27808
476 1 0.0509385 -14.7158 0.170909 -0.000996044 3.3209
477 1 0.0611496 -15.3204 0.14182 -0.0010708 3.22855
478 1 0.0511167 -20.221 0.0915157 -0.00154767 2.74991
479 1 0.043754 -17.3351 0.148315 -0.00115706 2.62218
480 1 0.0105149 -25 0.0861448 -0.00173746 3.51725
481 1 0.0935893 -12.4287 0.127913 -0.00123222 5.01265
482 1 0.0472701 -14.4807 0.159366 -0.00114145 5.35449
483 1 0.0635398 -13.3112 0.17149 -0.000998592 2.22969
484 1 0.0567739 -24.0114 0.0805526 -0.00160842 3.17859
485 1 0.0768604 -15.3735 0.126008 -0.00138361 5.14274
486 1 0.066494 -14.0337 0.162404 -0.00117564 5.05592
487 1 0.0494959 -15.2892 0.161169 -0.0012216 4.49242
488 1 0.0724262 -14.9486 0.138595 -0.00146201 4.10308
489 1 0.0554818 -15.9212 0.16279 -0.00120225 4.99366
490 1 0.0430718 -18.3612 0.133284 -0.0015125 4.25134
491 1 0.0826692 -12.7099 0.178972 -0.001171 8.63967
492 1 0.0544477 -15.5292 0.171861 -0.00115154 4.6594
493 1 0.0403484 -19.4483 0.135332 -0.00156246 4.18219
494 1 0.0445507 -16.668 0.154868 -0.00117471 5.53796
495 1 0.0726316 -14.3009 0.136704 -0.0011091 5.29369
496 1 0.0540738 -15.0093 0.170964 -0.00123081 5.3236
497 1 0.0883037 -15.4351 0.115114 -0.00142781 4.61624
498 1 0.0775427 -12.7686 0.154469 -0.00105259 3.90739
499 1 0.0755302 -13.6328 0.15019 -0.00111439 4.06989
500 1 0.0605118 -15.0597 0.148799 -0.00115678 3.73072
501 1 0.0443171 -19.5885 0.125199 -0.00143031 4.18197
502 1 0.0581743 -14.6872 0.176238 -0.000983725 4.66449
503 1 0.0683954 -14.4351 0.141323 -0.00127341 4.34611
504 1 0.0705001 -17.055 0.116432 -0.00153598 4.53728
505 1 0.0591614 -15.8462 0.117504 -0.00146174 3.42122
506 1 0.0615795 -13.96 0.189763 -0.000994084 3.773
507 1 0.0639001 -14.2235 0.170919 -0.00107404 3.88746
508 1 0.0333489 -18.1657 0.145583 -0.00149499 5.65622
509 1 0.0122266 -19.2477 0.125682 -0.00164961 4.31765
510 1 0.0727523 -14.8157 0.134185 -0.00121063 3.2903
511 1 0.0638802 -15.9518 0.143647 -0.00121671 3.45931
512 1 0.0431663 -15.2306 0.189341 -0.000920155 4.5524
513 1 0.0861631 -13.2982 0.150025 -0.00121959 3.63211
514 1 0.0720066 -15.544 0.16327 -0.00118625 4.88813
515 1 0.0612996 -15.3355 0.166215 -0.00110983 3.73073
516 1 0.042097 -15.5933 0.199836 -0.00100951 5.37464
517 1 0.0386158 -16.9992 0.162058 -0.00140817 4.51228
518 1 0.0354265 -18.4172 0.145292 -0.00155995 4.09705
519 1 0.0540259 -16.1127 0.168751 -0.00116374 5.21564
520 1 0.059492 -14.1242 0.165287 -0.0010826 5.20318
521 1 0.0620876 -14.7501 0.184233 -0.00101258 2.91544
522 1 0.0391847 -21.6352 0.128524 -0.00159719 4.30296
523 1 0.0699888 -14.299 0.135603 -0.00113897 5.24201
524 1 0.0744192 -15.7793 0.111443 -0.00128934 4.05963
525 1 0.0262522 -16.4522 0.161442 -0.00135126 5.06099
526 1 0.0944758 -9.13172 0.19095 -0.000987731 7.70133
527 1 0.0660238 -13.5759 0.179232 -0.000973581 3.84014
528 1 0.0586849 -15.9708 0.144803 -0.00121889 4.34865
529 1 0.0689811 -15.6625 0.1175 -0.00129457 3.24314
530 1 0.0504983 -17.2181 0.133063 -0.00135555 3.55026
531 1 0.0690577 -13.3603 0.155363 -0.00103624 3.13672
532 1 0.0651184 -15.7442 0.13428 -0.0012175 3.95325
533 1 0.0585246 -14.0101 0.166552 -0.00106445 3.92694
534 1 0.0549558 -16.9028 0.121982 -0.00122943 3.65295
535 1 0.051713 -15.6104 0.159426 -0.0011993 5.39038
536 1 0.0601369 -13.5853 0.164131 -0.00112576 4.29191
537 1 0.0660537 -14.8737 0.142446 -0.00122944 2.77903
538 1 0.0589364 -16.5406 0.11267 -0.0014275 3.02802
539 1 0.0558186 -14.2376 0.167261 -0.000895043 3.75461
540 1 0.0461368 -14.7026 0.175691 -0.00100976 3.62378
541 1 0.0641843 -16.8299 0.123978 -0.00130271 2.7094
542 1 0.0607584 -15.9428 0.145608 -0.0012238 3.61934
543 1 0.0634166 -15.1992 0.148423 -0.00106315 3.53176
544 1 0.0682798 -24.5246 0.0761031 -0.00164903 3.64196
545 1 0.0418575 -18.6734 0.129523 -0.00147779 4.0917
546 1 0.0805039 -17.2069 0.120402 -0.00124834 3.63737
547 1 0.0559046 -15.234 0.167756 -0.000940097 2.61808
548 1 0.046342 -16.5 0.164472 -0.00101337 3.10554
549 1 0.0582463 -14.1361 0.182045 -0.000827971 2.63178
550 1 0.0399183 -16.5545 0.157524 -0.0010951 3.20298
551 1 0.0197258 -16.6506 0.17748 -0.0010323 4.35812
552 1 0.0644276 -13.1203 0.168429 -0.000819228 2.88687
553 1 0.0728157 -19.1683 0.0958779 -0.00135064 3.74038
554 1 0.042455 -15.1101 0.198821 -0.000830642 3.96484
555 1 0.0823883 -13.5648 0.150527 -0.00119828 7.71594
556 1 0.0795146 -14.675 0.13047 -0.00126436 5.01237
557 1 0.0618598 -12.8928 0.19578 -0.000933177 4.1564
558 1 0.0760025 -14.4936 0.138779 -0.00116827 3.04785
559 1 0.0783191 -15.1521 0.135821 -0.00113221 4.16916
560 1 0.0739141 -13.9189 0.154579 -0.00104893 3.92559
561 1 0.0390304 -14.9501 0.181858 -0.00107941 3.49018
562 1 0.0609466 -15.4484 0.156297 -0.00116913 2.32756
563 1 0.066845 -18.8445 0.111247 -0.00143693 3.35752
564 1 0.0608937 -14.2717 0.155927 -0.00109655 2.47869
565 1 0.0583117 -16.7715 0.141109 -0.00137591 2.86834
566 1 0.0569515 -17.9946 0.134491 -0.00135227 3.42884
567 1 0.046077 -15.2353 0.172385 -0.000936283 4.57283
568 1 0.0500898 -13.8811 0.177652 -0.000878159 4.27959
569 1 0.0485526 -15.4004 0.184563 -0.0010342 4.55246
570 1 0.0623142 -15.2778 0.164622 -0.000986522 3.84095
571 1 0.0471208 -17.3985 0.142353 -0.00119289 2.88593
572 1 0.050118 -18.9246 0.121164 -0.00127932 3.04515
573 1 0.0482186 -14.5452 0.166224 -0.000975835 3.49406
574 1 0.0462717 -17.4698 0.13528 -0.00120115 3.01954
575 1 0.0603883 -15.5104 0.13321 -0.0011872 4.20793
576 1 0.0621535 -14.5287 0.137884 -0.00105252 3.76216
577 1 0.0481656 -22.3607 0.088366 -0.00149737 4.68519
578 1 0.0759563 -13.09 0.139777 -0.00112691 4.72724
579 1 0.0556325 -15.4619 0.12666 -0.00129959 3.95188
580 1 0.0834043 -15.2887 0.122285 -0.0011341 2.93618
581 1 0.0609285 -13.934 0.162739 -0.000950916 3.33641
582 1 0.0643955 -14.3316 0.128468 -0.00111434 3.29695
583 1 0.0681964 -14.4915 0.128627 -0.000938094 3.29785
584 1 0.0553829 -18.672 0.110156 -0.00145873 5.01394
585 1 0.0657395 -15.0361 0.138368 -0.00100896 3.58137
586 1 0.0681636 -14.5885 0.129195 -0.00104252 4.30466
587 1 0.0599774 -12.8737 0.158979 -0.000950099 4.03943
588 1 0.0428249 -15.924 0.143131 -0.0012623 3.26694
589 1 0.0544712 -14.6552 0.130932 -0.00130638 2.79758
590 1 0.0727195 -13.5163 0.144617 -0.000906266 3.2682
591 1 0.0852655 -13.7484 0.127835 -0.00115066 3.91695
592 1 0.0411981 -18.3284 0.127464 -0.00143948 3.55127
593 1 0.0413012 -15.3123 0.139066 -0.00122942 4.27595
594 1 0.0564713 -14.3578 0.158855 -0.000933092 2.32398
595 1 0.0350841 -18.1367 0.129082 -0.00121353 3.78427
596 1 0.0600282 -16.9905 0.123944 -0.00120119 2.44441
597 1 0.0359993 -16.2728 0.172405 -0.000897486 5.15101
598 1 0.0586229 -16.9109 0.12196 -0.0011056 2.86592
599 1 0.074314 -15.8244 0.112631 -0.00125255 2.70557
600 1 0.0563061 -17.5725 0.127335 -0.00111268 2.66634
601 1 0.0452988 -15.6975 0.157679 -0.00100169 2.8054
602 1 0.016029 -17.5413 0.148393 -0.00123575 4.57528
603 1 0.0319701 -24.5424 0.0736733 -0.00167463 4.58233
604 1 0.0550744 -16.0602 0.160672 -0.00103568 3.03427
605 1 0.01 -21.7103 0.121489 -0.00147309 3.20437
606 1 0.0541711 -16.3665 0.127424 -0.00111994 3.47273
607 1 0.0218623 -18.4845 0.157594 -0.00113675 3.40475
608 1 0.0844282 -10.3251 0.183442 -0.000973342 6.38358
609 1 0.0815596 -12.3347 0.163209 -0.0010546 5.45071
610 1 0.0717649 -12.147 0.174127 -0.000940594 3.51543
611 1 0.0765547 -13.9301 0.151652 -0.00102525 2.53943
612 1 0.0492947 -14.8422 0.161688 -0.00112348 5.57829
613 1 0.0493796 -14.9128 0.177154 -0.000935975 2.89751
614 1 0.0775469 -16.8502 0.106755 -0.00127329 2.77872
615 1 0.0856751 -18.5321 0.0922377 -0.00131454 3.77191
616 1 0.0468368 -18.3513 0.143801 -0.00119654 3.46082
617 1 0.0321421 -16.9118 0.175246 -0.00103721 5.58548
618 1 0.0591766 -15.9496 0.134939 -0.000904528 4.50082
619 1 0.0182495 -16.2319 0.165488 -0.00110123 6.12989
620 1 0.0536373 -14.931 0.17737 -0.000803584 3.09712
621 1 0.0361504 -19.8885 0.145821 -0.00113476 3.4033
622 1 0.0747731 -12.5099 0.191815 -0.000996299 5.42132
623 1 0.0599879 -14.72 0.160144 -0.00105998 5.29282
624 1 0.0749871 -14.6017 0.171664 -0.00102615 4.85802
625 1 0.0605933 -13.4151 0.19335 -0.000984157 5.03086
626 1 0.0786875 -14.7339 0.131683 -0.00124923 5.3817
627 1 0.0781678 -14.7255 0.157749 -0.00114961 5.69141
628 1 0.0777376 -15.2074 0.151998 -0.00119409 4.24863
629 1 0.0822192 -13.1794 0.187789 -0.000914637 4.31653
630 1 0.0579603 -14.9379 0.177103 -0.00110906 4.01283
631 1 0.0516549 -18.3897 0.144841 -0.00137176 4.09506
632 1 0.0378545 -20.2434 0.146432 -0.00137957 5.878
633 1 0.0659215 -18.8463 0.11132 -0.00143324 5.03265
634 1 0.0605952 -16.0824 0.149429 -0.00129494 3.32931
635 1 0.0603039 -14.2462 0.175935 -0.0010123 4.14571
636 1 0.0752203 -12.7075 0.201448 -0.00085258 3.67012
637 1 0.0693693 -13.8392 0.177189 -0.00093723 3.90674
638 1 0.0606494 -14.4194 0.183117 -0.00112434 5.01505
639 1 0.0558228 -15.1676 0.153477 -0.00116168 5.81057
640 1 0.0456552 -15.5208 0.159082 -0.0011919 5.43452
641 1 0.0828821 -18.5757 0.097148 -0.00141066 5.92006
642 1 0.0796044 -11.6136 0.174992 -0.00102689 6.18786
643 1 0.090843 -15.1596 0.110802 -0.00134583 5.03775
644 1 0.073749 -13.5529 0.146136 -0.00110122 3.88691
645 1 0.062427 -14.0216 0.149183 -0.00127266 4.18882
646 1 0.0566044 -13.5339 0.18028 -0.000964555 5.49474
647 1 0.0728936 -14.9564 0.150727 -0.00119727 4.04358
648 1 0.056726 -18.3843 0.131674 -0.00124666 4.89868
649 1 0.0740417 -12.8291 0.156556 -0.000939886 4.44782
650 1 0.0598451 -16.0113 0.156631 -0.00113162 4.33344
651 1 0.0632287 -14.6316 0.162713 -0.00110478 4.24689
652 1 0.0525421 -15.3179 0.16168 -0.00100307 5.50197
653 1 0.042478 -15.7991 0.182575 -0.000927186 4.80291
654 1 0.0187948 -20.516 0.13157 -0.00148307 4.95101
655 1 0.0770706 -12.4545 0.165 -0.00118486 3.14171
656 1 0.0683349 -14.2391 0.153884 -0.00118525 3.21029
657 1 0.0724601 -14.9549 0.145778 -0.00115187 4.59291
658 1 0.063939 -15.4521 0.153203 -0.00116983 4.94227
659 1 0.056136 -19.1568 0.100621 -0.00162706 4.0955
660 1 0.0705727 -13.8409 0.151447 -0.00107616 3.05145
661 1 0.0475522 -13.9448 0.17487 -0.00102266 4.32857
662 1 0.079014 -18.6424 0.092733 -0.00156713 4.14036
663 1 0.0757409 -14.2686 0.14736 -0.00114822 3.00925
664 1 0.0732082 -16.6718 0.127612 -0.00123326 3.58911
665 1 0.068596 -14.6124 0.148073 -0.00118384 3.14036
666 1 0.0763655 -16.1765 0.127516 -0.00117206 4.6631
667 1 0.0935065 -17.3123 0.094626 -0.00127113 4.22761
668 1 0.0641341 -13.9848 0.173191 -0.00101411 4.05585
669 1 0.0612978 -15.6148 0.151227 -0.00109989 3.87031
670 1 0.0463112 -20.6633 0.117824 -0.00138179 3.77465
671 1 0.0737299 -12.5793 0.193147 -0.00109421 7.29121
672 1 0.0739522 -12.2503 0.172609 -0.0011495 2.9571
673 1 0.0704107 -14.0399 0.162074 -0.00101238 4.90892
674 1 0.0807983 -12.1584 0.168839 -0.000981092 3.76046
675 1 0.0665656 -12.5024 0.200349 -0.000792159 5.95418
676 1 0.0620464 -13.6241 0.174286 -0.0010122 3.23062
677 1 0.0601091 -16.0279 0.145549 -0.00119893 3.654
678 1 0.0468523 -12.511 0.226933 -0.000751205 4.64614
679 1 0.0568235 -17.2363 0.14875 -0.00120687 3.91498
680 1 0.0597677 -15.4122 0.166363 -0.00103352 3.78829
681 1 0.0178786 -17.4936 0.180723 -0.00144789 5.89792
682 1 0.051576 -25 0.0866339 -0.00184041 4.24325
683 1 0.049854 -16.1191 0.162129 -0.00108517 4.87996
684 1 0.0521198 -18.0576 0.130939 -0.00139513 5.02451
685 1 0.0714727 -12.5649 0.191348 -0.000835432 3.42188
686 1 0.0507333 -14.5931 0.176532 -0.00104026 4.94583
687 1 0.0391608 -16.9423 0.179583 -0.00100205 4.57754
688 1 0.0652569 -14.1807 0.153118 -0.00106977 5.51992
689 1 0.0588802 -15.9416 0.127097 -0.00122014 5.4877
690 1 0.068737 -15.3872 0.118165 -0.00134615 5.10087
691 1 0.0651473 -16.0922 0.122758 -0.0012608 4.64801
692 1 0.0456035 -15.8162 0.148904 -0.00114259 5.36714
693 1 0.0697646 -14.3069 0.145678 -0.000942099 4.80731
694 1 0.0578751 -15.3964 0.155769 -0.000845074 4.53651
695 1 0.0881134 -13.3504 0.14186 -0.00107505 4.03955
696 1 0.0948906 -12.1969 0.139687 -0.00104545 3.4766
697 1 0.0600409 -12.8144 0.192223 -0.000866052 5.61988
698 1 0.0743235 -13.8651 0.153326 -0.00108132 4.58509
699 1 0.0798174 -14.7374 0.131476 -0.0011243 4.59147
700 1 0.0569708 -14.0936 0.141053 -0.00123912 4.36659
701 1 0.0680734 -14.074 0.133933 -0.00120658 3.77967
702 1 0.0800368 -12.3772 0.153632 -0.00100437 3.18285
703 1 0.0769425 -11.2918 0.186261 -0.000790114 4.1024
704 1 0.0624904 -13.3828 0.170715 -0.000900132 3.91807
705 1 0.0793157 -11.9191 0.17101 -0.000826988 3.64354
706 1 0.0709982 -13.8528 0.149173 -0.000989112 4.17786
707 1 0.0606072 -13.1667 0.172282 -0.000913876 4.99028
708 1 0.0610315 -17.6678 0.130946 -0.00129809 3.45524
709 1 0.0584562 -14.0844 0.160217 -0.00105306 3.8874
710 1 0.0343594 -16.1865 0.175212 -0.000929001 4.62399
711 1 0.0523636 -15.6033 0.154852 -0.00111396 4.27494
712 1 0.0718303 -16.2212 0.124686 -0.00116346 4.18962
713 1 0.0447227 -18.6758 0.11626 -0.00145243 5.0874
714 1 0.0365549 -17.1131 0.153209 -0.0011247 4.08712
715 1 0.0591935 -16.6279 0.150139 -0.00108157 3.76837
716 1 0.0336771 -18.8969 0.118314 -0.00130656 4.33262
717 1 0.0564256 -16.3647 0.14588 -0.001064 3.60988
718 1 0.0896343 -10.0117 0.178293 -0.000917293 4.01309
719 1 0.0696841 -13.3996 0.178743 -0.000899701 4.86883
720 1 0.0751796 -13.2472 0.149914 -0.00117224 3.141
721 1 0.0785153 -10.7789 0.165436 -0.000938211 4.0498
722 1 0.0764525 -14.8497 0.134967 -0.00118116 4.56348
723 1 0.0864909 -13.7667 0.137039 -0.00105553 4.6539
724 1 0.0657113 -12.4069 0.200007 -0.000900822 3.03414
725 1 0.0576976 -12.9995 0.178794 -0.0010178 3.39429
726 1 0.0736761 -12.4184 0.180821 -0.000904106 3.31603
727 1 0.0586664 -14.7482 0.161279 -0.00112746 3.31282
728 1 0.0866269 -12.9287 0.128104 -0.00103251 3.25352
729 1 0.0708958 -17.2815 0.134783 -0.00114727 3.83152
730 1 0.0684107 -15.9232 0.147846 -0.00120339 3.65033
731 1 0.0577682 -15.8783 0.141101 -0.00136627 5.1164
732 1 0.0808692 -13.9078 0.141575 -0.00110944 3.78858
733 1 0.0597158 -16.7295 0.123285 -0.00137843 3.60492
734 1 0.0672736 -16.3921 0.134072 -0.00115088 3.1922
735 1 0.0506374 -17.6722 0.122535 -0.00143112 3.35545
736 1 0.0566738 -18.382 0.121902 -0.00128106 3.1691
737 1 0.0297657 -17.7474 0.148369 -0.00129281 3.57393
738 1 0.0620436 -15.6899 0.140603 -0.000977765 3.09111
739 1 0.0598166 -17.4719 0.12632 -0.00134608 2.8352
740 1 0.0450964 -15.87 0.150014 -0.00113464 3.86009
741 1 0.05141 -16.6192 0.157707 -0.00103747 3.40022
742 1 0.0469636 -20.3072 0.111912 -0.00141178 3.69827
743 1 0.0303505 -15.9365 0.170733 -0.00117831 4.20592
744 1 0.0604436 -20.9671 0.0926903 -0.00153708 4.73225
745 1 0.010665 -19.9845 0.149044 -0.00135081 3.98666
746 1 0.0655488 -18.1899 0.111521 -0.00126768 3.92564
747 1 0.056492 -18.1553 0.127318 -0.00133043 4.54714
748 1 0.0255769 -17.8978 0.169085 -0.00100249 4.14217
749 1 0.0293138 -19.816 0.119796 -0.00137903 4.35728
750 1 0.0614134 -13.4737 0.174268 -0.00106078 4.15079
751 1 0.0705798 -13.6107 0.150907 -0.00109581 4.92852
752 1 0.0757728 -14.4322 0.127851 -0.00121861 2.33415
753 1 0.0597514 -15.1369 0.168934 -0.00102039 3.92051
754 1 0.0649853 -13.4997 0.166664 -0.000984801 3.46202
755 1 0.0759026 -13.6099 0.171709 -0.000927122 3.47926
756 1 0.0797843 -15.4703 0.129399 -0.00109944 3.90897
757 1 0.0420332 -16.4245 0.157651 -0.00119562 5.77251
758 1 0.0400708 -15.4496 0.16609 -0.00116746 4.09718
759 1 0.0532018 -16.3136 0.151729 -0.00122969 2.69876
760 1 0.0462331 -14.5422 0.185173 -0.000866195 3.77989
761 1 0.056781 -15.8131 0.147583 -0.00105369 3.59104
762 1 0.0519115 -18.4243 0.127014 -0.00129298 3.01763
763 1 0.0623911 -14.3776 0.180582 -0.000928781 3.29982
764 1 0.0420017 -18.5106 0.1448 -0.00123498 4.56806
765 1 0.0218097 -15.3826 0.226252 -0.000680019 4.68482
766 1 0.0668298 -15.4167 0.152684 -0.0010754 3.02568
767 1 0.0241477 -22.773 0.126543 -0.00144398 4.32409
768 1 0.0562887 -21.1605 0.107019 -0.00142015 4.54051
769 1 0.0653478 -15.2303 0.137415 -0.000995943 5.52345
770 1 0.0630528 -12.2608 0.185728 -0.000846835 4.73992
771 1 0.0828025 -15.7918 0.121048 -0.00111907 4.85585
772 1 0.0626434 -16.7354 0.119656 -0.00119932 3.91271
773 1 0.0620758 -16.7997 0.119336 -0.00112721 4.11172
774 1 0.0414422 -16.3266 0.156252 -0.000860116 4.46199
775 1 0.094808 -13.4847 0.124901 -0.00129678 3.69156
776 1 0.0597298 -14.166 0.145722 -0.000958556 3.87212
777 1 0.0848813 -16.1528 0.119231 -0.00106712 3.13689
778 1 0.0660674 -12.7873 0.171378 -0.000856319 4.08984
779 1 0.0652171 -15.7891 0.133788 -0.00120259 3.80774
780 1 0.0614853 -18.3718 0.115631 -0.00124861 3.10324
781 1 0.0711093 -13.3077 0.168069 -0.000772273 3.70011
782 1 0.0567903 -14.8945 0.155268 -0.000814775 3.72414
783 1 0.0491884 -16.5348 0.133357 -0.000889692 3.76668
784 1 0.0668253 -12.9178 0.176454 -0.000784809 5.17205
785 1 0.0615417 -15.8221 0.123683 -0.00125007 5.71793
786 1 0.0796648 -16.8898 0.115522 -0.00107816 3.73939
787 1 0.01 -23.1296 0.0914375 -0.00160252 5.09318
788 1 0.0507314 -19.8445 0.116684 -0.00109752 3.48142
789 1 0.0519202 -18.6706 0.12115 -0.0011412 3.39277
790 1 0.0666646 -22.3087 0.0964977 -0.00135961 4.48457
791 1 0.0316098 -16.0292 0.157536 -0.000861756 4.73797
792 1 0.0635219 -15.7963 0.129015 -0.00140828 5.43036
793 1 0.0520391 -13.6366 0.16404 -0.00106144 4.59973
794 1 0.0773235 -12.2428 0.162274 -0.000843828 2.63873
795 1 0.0571189 -14.5584 0.168686 -0.000950711 2.83139
796 1 0.0610795 -14.9268 0.147594 -0.00104246 2.64737
797 1 0.0721557 -15.2999 0.137491 -0.00090869 3.73929
798 1 0.0829144 -14.375 0.125128 -0.00105807 3.08334
799 1 0.0644699 -15.1194 0.137513 -0.00107606 3.37008
800 1 0.0578427 -16.4987 0.118879 -0.00132701 4.32723
801 1 0.0559535 -23.1317 0.0732409 -0.00163127 3.85251
802 1 0.0777209 -16.5646 0.107 -0.00127052 3.53333
803 1 0.0633903 -19.1922 0.0941189 -0.00154085 4.04532
804 1 0.0655328 -18.1104 0.119517 -0.00126879 2.50661
805 1 0.0398309 -19.4385 0.120861 -0.00137046 3.38344
806 1 0.0775112 -19.3662 0.103984 -0.00132533 3.47588
807 1 0.0688766 -17.9436 0.106035 -0.00121743 2.32183
808 1 0.0574863 -14.3815 0.171227 -0.00091208 3.08743
809 1 0.0447174 -16.6254 0.159168 -0.00101551 4.14143
810 1 0.0781005 -20.6213 0.102973 -0.00126226 3.61952
811 1 0.0310226 -18.2517 0.157222 -0.00105767 3.60973
812 1 0.054705 -16.2682 0.143271 -0.000983727 3.57593
813 1 0.0389136 -19.1432 0.123892 -0.0011888 4.18076
814 1 0.0479625 -13.9941 0.201596 -0.000758654 4.06512
815 1 0.01 -19.5145 0.127369 -0.00135895 5.99979
816 1 0.0307949 -16.3557 0.176688 -0.000929333 4.01335
817 1 0.0487102 -15.2536 0.162138 -0.000892602 3.4029
818 1 0.0438563 -16.7302 0.146253 -0.00111945 5.00573
819 1 0.0618538 -16.6967 0.131786 -0.00116465 3.59601
820 1 0.0790503 -9.86475 0.221445 -0.000727992 8.68724
821 1 0.0742554 -12.1706 0.186914 -0.000915653 4.52923
822 1 0.0835277 -13.6599 0.147534 -0.00100276 2.37668
823 1 0.0575327 -14.9971 0.13926 -0.00122292 3.45023
824 1 0.0869161 -13.8343 0.137661 -0.000998431 3.5294
825 1 0.0334668 -17.2519 0.138215 -0.00150133 5.09208
826 1 0.0605739 -13.3176 0.174278 -0.000932397 4.91732
827 1 0.063567 -13.6151 0.17334 -0.000868384 2.32067
828 1 0.0620214 -16.6998 0.136974 -0.00109545 3.64225
829 1 0.0472984 -17.4981 0.134301 -0.00127983 3.68702
830 1 0.0589515 -13.9901 0.177111 -0.000787123 4.1603
831 1 0.0749767 -16.2987 0.114635 -0.00104855 3.5698
832 1 0.0713872 -15.7869 0.122926 -0.00101505 4.28347
833 1 0.0759779 -14.4788 0.155542 -0.000990741 3.3274
834 1 0.0716358 -13.7974 0.158729 -0.000890164 2.8518
835 1 0.0601064 -15.7603 0.153671 -0.000945251 2.7336
836 1 0.0507353 -18.3793 0.112388 -0.00127023 3.23518
837 1 0.0453854 -17.4837 0.147055 -0.00102901 3.73801
838 1 0.0452395 -17.5076 0.158642 -0.000954067 2.81346
839 1 0.052558 -16.2343 0.150916 -0.000806286 2.61805
840 1 0.0387373 -14.5685 0.216007 -0.000531038 4.44555
841 1 0.021829 -19.6146 0.162349 -0.00113274 3.12477
842 1 0.0548058 -24.9703 0.0857296 -0.00132992 5.01586
843 1 0.0614547 -14.5071 0.195192 -0.0011434 6.58437
844 1 0.0522145 -15.1999 0.158776 -0.00122258 5.51342
845 1 0.0601885 -16.0551 0.147773 -0.00129843 4.99135
846 1 0.0716949 -16.6581 0.168198 -0.00124684 6.1096
847 1 0.0407058 -16.676 0.194401 -0.00123551 4.67642
848 1 0.0605677 -17.2301 0.137457 -0.001423 5.74636
849 1 0.0729822 -13.1975 0.172475 -0.00102197 3.76238
850 1 0.0772461 -17.7473 0.126967 -0.00133562 4.61643
851 1 0.0630781 -16.022 0.14065 -0.00129262 4.6818
852 1 0.0287753 -19.2577 0.144576 -0.00128327 5.43268
853 1 0.0710601 -12.1775 0.19006 -0.0011128 3.65163
854 1 0.0736701 -13.9385 0.166046 -0.00113161 3.55631
855 1 0.0676986 -16.2447 0.150934 -0.00134254 4.2171
856 1 0.0694965 -15.6168 0.159687 -0.00119482 5.81127
857 1 0.0494327 -19.9593 0.126723 -0.00158584 4.38691
858 1 0.0602121 -15.1521 0.191898 -0.000940748 5.65541
859 1 0.0502055 -16.7763 0.148411 -0.0013881 4.9548
860 1 0.0524784 -14.7675 0.163458 -0.00109404 5.2905
861 1 0.0775482 -14.8184 0.13837 -0.00112734 7.54223
862 1 0.0770234 -13.1007 0.159851 -0.000987607 3.8748
863 1 0.0704178 -14.8025 0.158097 -0.00110476 4.1753
864 1 0.0499933 -15.0542 0.175627 -0.000892754 4.65225
865 1 0.0445718 -16.7995 0.155551 -0.00112985 5.10451
866 1 0.0701449 -18.4003 0.110243 -0.00129461 5.37678
867 1 0.0837807 -13.2362 0.176975 -0.000904216 6.50512
868 1 0.0733919 -12.4639 0.170753 -0.000915357 4.58561
869 1 0.0950831 -15.0262 0.108966 -0.00131437 4.67786
870 1 0.0679036 -14.7668 0.15061 -0.00107867 3.62616
871 1 0.0731028 -15.2714 0.157999 -0.00118841 3.85958
872 1 0.066495 -17.8256 0.128462 -0.00138243 3.82648
873 1 0.0881125 -15.7753 0.130639 -0.00116436 4.29404
874 1 0.0542764 -12.9647 0.197984 -0.000814065 4.37677
875 1 0.0620625 -18.3367 0.124622 -0.00140126 3.67264
876 1 0.0475073 -17.5154 0.155938 -0.00123982 3.61932
877 1 0.0662372 -16.3648 0.140207 -0.00119626 3.44707
878 1 0.0431627 -18.1074 0.144925 -0.00131785 3.83156
879 1 0.063596 -15.3627 0.164453 -0.000855279 5.18708
880 1 0.0713056 -17.4962 0.113871 -0.0013792 4.53826
881 1 0.0375287 -16.8151 0.155319 -0.00118271 5.59727
882 1 0.0656695 -13.8751 0.189441 -0.000895598 4.6701
883 1 0.067232 -14.7812 0.159474 -0.000964956 4.13311
884 1 0.0859721 -12.475 0.168188 -0.000918695 6.32241
885 1 0.0773351 -13.5975 0.154909 -0.00110884 4.04068
886 1 0.0687445 -14.4609 0.188256 -0.000936908 8.41324
887 1 0.0684211 -13.5102 0.164203 -0.0010231 4.03595
888 1 0.0449555 -15.8509 0.169081 -0.00111854 4.03776
889 1 0.071018 -15.5641 0.162461 -0.000836099 5.03065
890 1 0.0496879 -17.7578 0.174277 -0.000961408 6.08362
891 1 0.0660587 -16.9295 0.131658 -0.0012144 4.97661
892 1 0.0536979 -17.3998 0.143096 -0.00125345 4.18177
893 1 0.0245426 -19.883 0.14427 -0.00147879 4.26216
894 1 0.0547025 -20.9425 0.1156 -0.00139229 4.38224
895 1 0.0918999 -13.4936 0.135058 -0.00110785 7.71835
896 1 0.0915255 -14.8629 0.114752 -0.00123298 8.19974
897 1 0.0947822 -11.7313 0.171603 -0.000813241 5.77208
898 1 0.0859866 -13.5971 0.146487 -0.00100475 4.02915
899 1 0.069429 -12.7585 0.180847 -0.000756147 6.65169
900 1 0.0654909 -14.5767 0.153301 -0.00102343 4.81425
901 1 0.0678302 -13.6597 0.153511 -0.00101885 5.33416
902 1 0.0760532 -18.7023 0.0945056 -0.00129115 5.97711
903 1 0.0968735 -14.3855 0.124233 -0.00103567 5.96677
904 1 0.0802092 -13.2134 0.142931 -0.00108382 4.2535
905 1 0.0561754 -16.4725 0.129944 -0.00116864 4.09772
906 1 0.0611981 -14.2581 0.165345 -0.0010713 4.50425
907 1 0.0571976 -16.127 0.131926 -0.00114308 3.91747
908 1 0.0505366 -17.6816 0.13068 -0.00116757 4.02333
909 1 0.0345578 -17.0008 0.163432 -0.00101222 4.44062
910 1 0.0878151 -13.6293 0.163322 -0.00094894 6.162
911 1 0.0431458 -16.9182 0.143318 -0.00118712 5.96983
912 1 0.0387793 -17.8175 0.155636 -0.00118537 5.00815
913 1 0.034302 -18.6619 0.142888 -0.00118433 4.36771
914 1 0.0449083 -18.482 0.142994 -0.001055 3.97844
915 1 0.130831 -12.9605 0.0902913 -0.00120219 5.51883
916 1 0.0818184 -13.0088 0.145789 -0.000962663 2.96768
917 1 0.0785272 -12.4837 0.16039 -0.000905838 3.52067
918 1 0.087529 -13.3242 0.144599 -0.00113267 3.61695
919 1 0.0711208 -14.2846 0.139643 -0.00114582 3.17208
920 1 0.0700893 -14.1648 0.184527 -0.000909848 2.85333
921 1 0.0719214 -17.8187 0.107171 -0.00139621 2.80746
922 1 0.0774591 -14.0159 0.155145 -0.000937902 3.2955
923 1 0.0633727 -14.9785 0.148356 -0.00109954 3.92163
924 1 0.0580153 -12.9591 0.21432 -0.000604281 3.44116
925 1 0.0720043 -17.732 0.125938 -0.00136761 3.67177
926 1 0.0626545 -16.3443 0.135475 -0.00098206 3.73343
927 1 0.0617589 -14.8284 0.15701 -0.00102692 6.80337
928 1 0.0545808 -15.1333 0.174924 -0.000949154 5.00422
929 1 0.0498213 -18.2951 0.135767 -0.00122529 4.47912
930 1 0.0627547 -14.0556 0.168767 -0.000878351 4.6885
931 1 0.0579899 -15.6703 0.17046 -0.00093655 3.44704
932 1 0.0876932 -15.1371 0.129475 -0.00101599 4.24982
933 1 0.0377869 -17.4019 0.176983 -0.000818157 3.63685
934 1 0.0556291 -16.8817 0.156205 -0.000958459 3.88836
935 1 0.0637695 -13.2633 0.209204 -0.000756328 5.62444
936 1 0.068487 -12.8806 0.180474 -0.000920693 6.02236
937 1 0.0694736 -11.5118 0.201601 -0.00071488 5.77945
938 1 0.0544004 -24.7655 0.0836212 -0.00174906 4.06447
939 1 0.0802064 -20.4819 0.0908014 -0.0013948 3.96008
940 1 0.0357718 -14.7193 0.211328 -0.000792345 4.29679
941 1 0.0566733 -17.2732 0.138157 -0.0010646 3.68194
942 1 0.0411657 -18.5887 0.129227 -0.00134007 3.59664
943 1 0.0481485 -17.2749 0.140056 -0.00130412 4.18116
944 1 0.0502308 -16.1457 0.161756 -0.000866044 3.79439
945 1 0.0652198 -17.5772 0.120194 -0.00119646 3.33312
946 1 0.0569924 -17.326 0.162197 -0.00104323 3.47563
947 1 0.0509486 -15.7657 0.163449 -0.000830854 4.73326
948 1 0.0507464 -17.6102 0.13242 -0.00111334 4.37885
949 1 0.0319681 -22.124 0.109715 -0.00159128 5.43951
950 1 0.0685182 -15.7053 0.14642 -0.000955764 4.1359
951 1 0.0528179 -16.7091 0.122022 -0.00114914 5.79759
952 1 0.0458159 -19.0417 0.145425 -0.00121268 4.23409
953 1 0.0644023 -18.864 0.13208 -0.00126198 5.71685
954 1 0.0883986 -18.9939 0.101617 -0.00141688 5.69538
955 1 0.0379057 -17.6689 0.189169 -0.000921631 4.07517
956 1 0.0545416 -14.4416 0.154969 -0.000945501 5.50334
957 1 0.0684142 -15.251 0.128774 -0.00122208 4.71051
958 1 0.125152 -13.5276 0.0912302 -0.00118298 5.06967
959 1 0.0423098 -15.2715 0.156541 -0.000686439 6.13988
960 1 0.0702407 -13.2629 0.182174 -0.000709752 5.85618
961 1 0.0689988 -17.707 0.110997 -0.00123331 6.23951
962 1 0.0805525 -13.9351 0.142359 -0.00100531 5.02563
963 1 0.0739573 -12.8562 0.145621 -0.00104417 3.56564
964 1 0.0871788 -14.5968 0.123832 -0.00104954 2.66504
965 1 0.0735903 -14.5025 0.143173 -0.000820442 3.17242
966 1 0.0641005 -15.6928 0.133056 -0.00106957 3.79411
967 1 0.0579916 -19.6432 0.0959429 -0.00144797 4.77368
968 1 0.0455568 -17.9342 0.144217 -0.00107824 3.50352
969 1 0.0470203 -21.8775 0.102585 -0.00136072 3.81424
970 1 0.0505503 -22.3963 0.0949412 -0.00138295 3.69736
971 1 0.0919113 -16.6312 0.118451 -0.00118648 6.22292
972 1 0.0575455 -16.7378 0.128493 -0.000951849 6.10864
973 1 0.0680097 -13.1418 0.156888 -0.000918157 5.06861
974 1 0.0799483 -15.1421 0.142003 -0.00116489 4.16596
975 1 0.0563567 -14.3452 0.158217 -0.00106304 3.60275
976 1 0.0642396 -16.1321 0.118258 -0.00118383 3.4686
977 1 0.044421 -15.6206 0.167845 -0.000946536 3.60837
978 1 0.055149 -17.6498 0.122474 -0.00120237 2.94903
979 1 0.0569843 -14.2482 0.16925 -0.000886629 3.92866
980 1 0.0544407 -12.9311 0.205306 -0.000554727 4.53361
981 1 0.0606735 -15.6972 0.142356 -0.000896414 2.89769
982 1 0.0440347 -15.153 0.184104 -0.000893145 3.50332
983 1 0.0388295 -15.2915 0.177816 -0.000657067 5.03361
984 1 0.0187867 -22.1423 0.105115 -0.00141365 6.17613
985 1 0.0356828 -21.7363 0.10237 -0.00128138 4.16398
986 1 0.0169829 -22.3401 0.111783 -0.00130007 6.32704
987 1 0.038608 -15.3789 0.20126 -0.000656804 3.83521
988 1 0.0668543 -14.8172 0.155581 -0.000928658 2.20042
989 1 0.0585829 -14.362 0.178284 -0.000825755 3.99171
990 1 0.0827604 -16.5885 0.113459 -0.000997989 3.93702
991 1 0.0734699 -16.2734 0.14072 -0.000859651 4.52092
992 1 0.0399437 -20.6655 0.116042 -0.0013491 2.86039
993 1 0.0659783 -17.1192 0.118254 -0.00110857 3.38624
994 1 0.0318579 -17.2747 0.148922 -0.00115695 3.89492
995 1 0.0538945 -16.28 0.130864 -0.00107502 3.50924
996 1 0.0347618 -19.8092 0.125945 -0.0012339 4.94295
997 1 0.0529759 -18.9989 0.113811 -0.00123382 2.54778
998 1 0.0627213 -15.3832 0.140551 -0.000761014 4.35433
999 1 0.0535623 -15.0853 0.167041 -0.000781011 4.7408
1000 1 0.0518562 -17.5297 0.135852 -0.000881099 5.26135
