Ctip Ctail W Al s(1) s(2) s(3) s(4) RMSD
1 1 0.0675943 -6.50606 0.999998 11.7814 8.33633 5.21524 3.12355 2.69602
2 1 0.0875135 -2.22045e-014 1 4.41423 3.00903 2.29949 1.71691 3.20337
3 1 0.0469713 -16.5637 0.33947 6.91749 3.84205 2.71532 1.73511 4.89441
4 1 0.084529 -2.22045e-014 1 4.73801 2.85358 2.2519 1.75729 3.92028
5 1 0.0685698 -6.05695 1 11.0981 8.50733 5.41538 3.11079 2.53669
6 1 0.0740407 -2.22045e-014 1 4.10803 2.90814 2.04753 1.6606 4.51092
7 1 0.0913603 -2.22045e-014 1 4.03631 3.1278 2.26678 1.69221 3.59662
8 1 0.0282242 -18.4571 0.497691 10.4265 8.09784 4.02535 2.06005 6.94318
9 1 0.0478871 -16.6924 0.339823 6.76147 3.92349 2.96253 1.81481 4.33494
10 1 0.0608272 -22.2128 0.331606 9.41747 5.28286 2.55694 1.55269 9.06535
11 1 0.0261647 -18.13 0.487024 12.318 7.08559 4.965 2.27143 7.07153
12 1 0.0775508 -2.22045e-014 1 4.17446 3.14898 2.37485 1.7241 3.64574
13 1 0.0771482 -2.22045e-014 1 4.04715 3.12559 2.3424 1.60548 3.62235
14 1 0.0755774 -2.22045e-014 1 4.40488 3.04333 2.19845 1.61325 4.97149
15 1 0.0375461 -16.8431 0.526017 12.7372 7.27675 4.11602 2.22099 6.22166
16 1 0.0711756 -5.25584 1 11.2103 7.62393 4.96263 2.81463 3.71874
17 1 0.0556029 -2.50376e-009 1 4.16224 2.90891 2.22085 1.67612 4.65078
18 1 0.0633765 -2.22293e-014 1 4.05282 2.92098 2.26885 1.53795 5.28565
19 1 0.0370373 -15.7765 0.5372 13.9005 6.613 3.22722 1.92282 5.4509
20 1 0.0428542 -13.502 0.629908 14.8318 8.75183 4.78675 3.28612 4.57809
21 1 0.0278588 -16.9607 0.513767 12.3134 7.74655 4.39713 2.24808 5.74811
22 1 0.0369336 -13.6438 0.642274 14.6338 8.38636 6.85242 3.75901 4.31557
23 1 0.0359648 -15.0979 0.569669 13.345 8.57555 5.5813 3.06418 4.89527
24 1 0.033322 -15.7833 0.541588 13.0077 7.91872 4.91423 2.58357 5.51348
25 1 0.0329263 -15.6263 0.591498 12.9731 8.95681 5.94852 3.08647 5.60023
26 1 0.0482308 -18.7737 0.336973 6.50833 4.32942 2.51226 1.5855 4.97626
27 1 0.0252617 -19.7321 0.324518 6.9767 3.88022 2.41804 1.73552 4.35393
28 1 0.0481679 -14.1265 0.630201 13.1767 8.45507 4.56368 2.6601 4.72333
29 1 0.0317906 -19.6731 0.342011 6.93048 4.13697 2.44622 1.7454 4.28557
30 1 0.0428077 -19.3772 0.332024 7.43589 4.19187 2.65578 1.6848 5.25717
31 1 0.044886 -16.69 0.350393 5.89856 3.99226 2.94744 1.74757 3.68718
32 1 0.0959914 -2.22045e-014 1 4.13742 2.90444 2.11976 1.6238 4.36052
33 1 0.0664396 -6.42876 1 11.6448 8.00181 4.74582 2.85554 3.28966
34 1 0.0311262 -17.9756 0.512077 11.6691 7.93188 4.1215 2.21011 6.51383
35 1 0.0524276 -15.5684 0.401968 7.97591 4.79674 3.25652 1.84194 4.41325
36 1 0.08579 -2.22045e-014 1 4.36505 3.11558 2.2636 1.63608 3.32329
37 1 0.0586594 -5.91397 1 11.1067 7.78627 5.07716 2.72206 3.11414
38 1 0.0429438 -15.0357 0.590868 12.4091 8.53707 6.0755 2.94679 5.23245
39 1 0.0350119 -20.1353 0.353461 6.85007 4.18165 2.5368 1.66929 4.6795
40 1 0.0636204 -15.1736 0.369175 7.09227 4.07691 2.94366 1.94523 3.96171
41 1 0.0400575 -18.6338 0.350509 5.63909 4.2696 2.7602 1.63326 4.58912
42 1 0.0585665 -15.2146 0.393182 5.23154 4.67532 3.46958 1.94513 3.93223
43 1 0.0331359 -21.7271 0.347018 7.46936 4.34692 2.56011 1.74521 5.9829
44 1 0.0595674 -17.485 0.357964 6.72316 4.83313 3.25308 1.819 6.70144
45 1 0.0369379 -15.0519 0.538294 11.331 6.37715 5.47313 2.83731 4.70756
46 1 0.0469267 -18.1137 0.340572 6.85907 4.17095 2.72931 1.74822 4.68294
47 1 0.0433193 -15.7151 0.584229 13.9185 8.41774 5.19713 3.04805 5.53118
48 1 0.0232699 -18.2993 0.468869 12.8995 6.58288 3.89229 2.04343 6.25103
49 1 0.0324959 -19.4508 0.324459 5.68492 3.86775 2.96302 1.61611 4.90803
50 1 0.0764862 -5.27022 1 9.75291 7.19153 4.22056 2.38864 3.60297
51 1 0.0458849 -15.1416 0.57353 13.1857 7.31966 4.42183 2.43707 5.53283
52 1 0.0388035 -14.6831 0.593162 13.071 7.6407 5.64259 2.69215 4.98412
53 1 0.028725 -16.149 0.55873 12.4891 6.96051 5.5153 2.32863 5.91439
54 1 0.0324815 -17.5939 0.540377 14.0155 7.85493 4.19961 2.58095 6.58832
55 1 0.100295 -2.23305e-014 1 4.33013 3.36237 2.13483 1.63087 4.96388
56 1 0.0517036 -19.2536 0.322687 7.26345 4.37834 3.12501 1.71419 6.08067
57 1 0.0482858 -15.5571 0.370627 6.05648 4.33679 3.41734 2.0821 4.10003
58 1 0.0717155 -4.82129 1 10.2626 7.20218 4.555 2.6716 2.65863
59 1 0.0423437 -19.213 0.360594 6.84788 4.8677 3.19053 2.09171 4.80874
60 1 0.0375065 -16.9966 0.541728 12.6744 8.09447 4.26418 2.46334 6.33762
61 1 0.0685591 -2.22045e-014 1 3.97458 2.95369 2.64459 1.77834 5.13027
62 1 0.0351428 -19.221 0.389764 6.93096 4.19378 2.51852 1.7773 5.09464
63 1 0.0479696 -16.4588 0.382941 6.82329 3.85541 2.91221 1.81935 4.93975
64 1 0.0368365 -18.5085 0.363179 7.06383 4.17104 2.95099 2.01464 4.59155
65 1 0.0446414 -15.9795 0.399007 7.31673 3.81408 2.92278 2.0529 3.93087
66 1 0.0398213 -19.471 0.374427 6.56411 4.43495 2.55495 1.79878 5.33716
67 1 0.0649645 -5.36854 1 10.2399 7.19542 4.88226 2.56968 4.24258
68 1 0.0393626 -15.114 0.569764 11.4085 6.78268 4.81065 2.70114 4.83272
69 1 0.0555104 -14.1361 0.416617 7.28802 4.00207 3.19236 2.33645 3.13077
70 1 0.0441095 -15.1624 0.600283 14.7894 7.82947 5.35501 3.18704 5.60818
71 1 0.0332998 -19.0095 0.324435 5.94824 3.71667 2.71151 1.5897 4.31835
72 1 0.0546783 -17.9677 0.328586 6.10275 4.21005 3.21663 1.60139 6.13479
73 1 0.0601458 -14.8709 0.361602 6.21564 4.08249 3.28349 1.89776 3.57849
74 1 0.0645968 -16.2551 0.354821 6.18321 4.54363 3.28558 1.82727 4.65686
75 1 0.0635795 -15.0956 0.377117 6.64865 4.10083 3.76963 2.15911 3.88786
76 1 0.0287113 -22.0205 0.30364 5.90718 4.0885 2.74062 1.48829 6.03501
77 1 0.0534952 -17.6553 0.353636 6.68748 4.05821 2.88814 1.73793 4.45875
78 1 0.0421525 -18.7271 0.324548 6.97078 3.82918 2.77438 1.67314 4.34384
79 1 0.0378007 -19.7267 0.324121 6.15222 4.21711 3.32287 1.74561 5.18313
80 1 0.039955 -20.5549 0.339611 6.7725 4.2012 3.10819 1.73344 6.07215
81 1 0.0438495 -14.9407 0.582206 13.2677 7.60985 4.72092 2.59505 5.27403
82 1 0.030999 -16.9882 0.559605 15 6.10901 5.17711 2.43194 6.74739
83 1 0.0438766 -14.2436 0.61789 13.4564 8.5282 6.86128 3.61958 4.81254
84 1 0.0686529 -4.19408 1 8.28813 5.60507 3.39969 1.87331 5.26072
85 1 0.0496098 -18.3582 0.356112 5.84682 4.57176 3.55359 1.8134 6.21515
86 1 0.0476032 -19.3906 0.334629 6.02675 4.98306 3.76689 1.8604 5.75218
87 1 0.0418167 -17.4696 0.346648 5.5028 4.35338 3.794 1.91207 5.23128
88 1 0.0423234 -18.9578 0.356397 6.16417 3.98529 3.7743 1.88953 5.86075
89 1 0.095508 -2.22045e-014 1 4.24384 2.98929 2.46918 1.82561 3.84686
90 1 0.0463043 -15.9195 0.575898 12.3431 8.48105 5.95345 2.96239 5.95629
91 1 0.0597446 -15.2705 0.378848 6.33582 4.21452 2.76807 1.80406 3.68546
92 1 0.0382276 -15.0085 0.586123 13.4978 7.63847 5.15469 2.5944 4.92254
93 1 0.0581563 -5.90226 1 10.8569 7.84881 4.83062 2.67988 3.67293
94 1 0.0395831 -16.5187 0.550479 13.1425 7.60282 3.54787 2.14542 6.03631
95 1 0.051182 -17.4282 0.403236 7.50913 4.12552 2.29332 1.66975 5.51985
96 1 0.0564883 -14.6955 0.408291 6.75454 4.16004 2.88778 2.04141 4.1527
97 1 0.0326144 -22.1348 0.344408 7.18235 4.04697 2.28546 1.49555 6.24318
98 1 0.0487471 -15.5012 0.42177 7.19771 4.41173 2.85846 2.26339 3.89241
99 1 0.0620567 -16.8128 0.351332 7.36263 4.07486 2.66624 1.64832 5.56919
100 1 0.0561128 -16.8217 0.343125 6.18923 4.15346 3.16393 1.74722 4.26775
101 1 0.045697 -18.2287 0.339858 6.54912 4.04282 2.82125 1.7042 4.63343
102 1 0.0480372 -12.0128 0.67028 12.6056 8.24922 6.46446 3.21312 3.63038
103 1 0.0390676 -19.7131 0.335108 6.67993 3.8921 2.48794 1.57621 5.04315
104 1 0.0588068 -15.8405 0.379498 6.68962 4.19599 3.08415 1.95733 3.6379
105 1 0.0465603 -13.3085 0.60713 13.3073 7.69462 5.48317 2.87626 4.02144
106 1 0.0292339 -20.8063 0.341266 6.64309 4.30099 2.75728 1.78492 5.01161
107 1 0.0311452 -18.4507 0.34484 6.72304 4.08752 3.27931 2.0785 4.11431
108 1 0.0496141 -16.8279 0.362172 6.26075 4.52922 3.40449 2.07885 3.83245
109 1 0.068376 -5.38011 1 10.1201 7.18149 4.48732 2.49934 3.99116
110 1 0.0677617 -5.2727 1 10.5323 7.923 4.92902 2.95137 4.27862
111 1 0.01 -24.1913 0.313473 6.47538 3.57143 2.18217 1.52214 6.4619
112 1 0.0481864 -17.2155 0.420858 7.32144 4.0683 2.39681 1.71885 5.48266
113 1 0.0411342 -17.9854 0.401481 7.29022 3.92792 2.42493 1.68462 5.50103
114 1 0.043401 -18.6721 0.372334 5.833 4.18388 2.44189 1.54041 5.01135
115 1 0.0631591 -13.5974 0.439478 6.46626 4.19854 3.07417 2.10966 3.35207
116 1 0.0409966 -20.1854 0.358195 6.95115 4.03036 2.31637 1.53346 5.64656
117 1 0.0534747 -15.8881 0.512781 11.0405 5.88994 3.26283 2.22611 5.10351
118 1 0.0529702 -17.0845 0.360056 6.70033 4.28254 2.61388 1.72182 3.99796
119 1 0.0572767 -16.3264 0.373485 6.76744 4.07495 2.70961 1.76638 4.01017
120 1 0.0444622 -19.6447 0.373925 6.67494 4.63173 2.71718 1.74867 5.22103
121 1 0.0382315 -21.0148 0.338908 6.0732 4.26342 2.45606 1.47801 5.8972
122 1 0.0312153 -19.3285 0.359885 6.80402 3.92067 2.75308 1.7906 4.48289
123 1 0.0476064 -20.0123 0.352856 6.26844 4.35417 2.62374 1.5664 6.35988
124 1 0.0652591 -5.85275 1 11.122 7.47795 4.98444 2.75874 4.35598
125 1 0.0428894 -15.9785 0.559753 14.9768 6.67617 3.5743 2.17338 6.16357
126 1 0.0771213 -6.42793 1 11.7957 7.47029 4.08607 2.57318 4.96002
127 1 0.0369235 -21.0379 0.33694 6.46115 3.88108 2.23706 1.42877 5.67099
128 1 0.0469798 -18.0348 0.358602 7.30912 3.81743 2.76802 1.78595 5.24176
129 1 0.0788387 -5.40111 1 9.47436 6.94722 4.14851 2.3469 5.32983
130 1 0.0587817 -16.7695 0.355099 6.17031 4.31355 2.97336 1.67817 5.49246
131 1 0.0575691 -14.5718 0.384983 6.60144 3.9978 3.36485 2.05461 3.89817
132 1 0.051946 -17.7137 0.355791 6.46207 4.20105 2.97249 1.73855 4.41484
133 1 0.043175 -20.3673 0.327859 6.72007 4.05251 2.55155 1.48435 5.531
134 1 0.0491096 -15.9399 0.371284 6.63229 3.98634 3.38606 2.04961 3.74852
135 1 0.0532127 -16.2482 0.371182 6.49116 4.08037 2.81892 1.80249 3.58736
136 1 0.0534099 -16.6765 0.354238 6.45539 4.05997 2.77311 1.7442 3.78692
137 1 0.0740502 -5.78425 1 11.6687 7.06714 4.51673 2.60039 3.32654
138 1 0.0713206 -17.9557 0.363662 7.75998 4.69449 2.67904 1.69047 6.42547
139 1 0.0555484 -15.6887 0.394268 5.66799 4.49454 3.2855 1.91631 3.73035
140 1 0.0470764 -17.7977 0.383735 7.49448 4.22642 3.10159 2.12606 4.21138
141 1 0.0413153 -16.2381 0.380566 7.21195 3.98352 3.44306 2.31199 3.84213
142 1 0.0380159 -16.9816 0.362672 5.5129 4.20824 3.40877 1.84799 4.23131
143 1 0.0255243 -22.3814 0.303281 5.69239 3.93697 2.52043 1.422 5.39373
144 1 0.0722526 -6.02175 1 10.7479 8.1817 5.51506 2.95166 3.19178
145 1 0.0335281 -17.8742 0.368154 6.05937 4.14222 2.99592 1.8831 4.02212
146 1 0.118794 -2.22045e-014 1 5.07598 3.0078 2.07975 1.84235 5.94826
147 1 0.0587552 -16.2211 0.376255 6.62872 4.47984 2.90779 1.99794 4.49833
148 1 0.0544183 -17.4631 0.366372 5.93164 4.25141 3.00278 1.72634 4.72313
149 1 0.0261151 -20.7964 0.324011 6.06966 3.67012 2.32782 1.50714 4.92426
150 1 0.0463822 -16.5464 0.354868 6.36884 4.01416 2.84535 1.84604 3.84741
151 1 0.01 -24.814 0.288652 6.88924 3.4209 1.93755 1.3789 5.48966
152 1 0.0639669 -5.37837 1 9.03265 7.1586 4.76963 2.26197 3.9701
153 1 0.0487769 -18.2964 0.35769 5.79208 4.85018 3.00488 1.80521 4.78164
154 1 0.0461438 -17.5055 0.376865 5.7674 4.17498 3.40978 1.89098 4.73855
155 1 0.052198 -19.3354 0.338417 7.39908 4.34812 2.70774 1.61913 5.23486
156 1 0.0418567 -19.3083 0.369307 7.12039 4.32504 3.01869 1.9288 4.7915
157 1 0.0466806 -18.0635 0.334739 6.66426 4.0071 3.20839 1.80221 4.42363
158 1 0.0377905 -18.5818 0.319366 5.14198 4.29341 3.11496 1.58829 5.12006
159 1 0.0456947 -18.1599 0.350158 6.38696 4.41367 3.59822 1.962 4.51607
160 1 0.0484299 -18.8765 0.340951 6.69763 4.68391 3.23532 1.85368 4.94299
161 1 0.0389887 -19.0976 0.331575 6.47398 4.25733 3.30034 1.84209 4.47271
162 1 0.0406476 -21.7155 0.337536 7.49502 4.66978 2.83749 1.67672 6.32872
163 1 0.0535878 -17.9148 0.34922 6.50372 4.24048 2.92231 1.74406 4.7766
164 1 0.031042 -20.1872 0.31383 6.0597 3.97831 2.76011 1.59139 4.48844
165 1 0.0494648 -15.6021 0.37387 6.29491 4.33511 3.60087 2.2266 3.36092
166 1 0.0396593 -18.3537 0.352049 6.05315 4.69007 3.23667 1.96574 4.1832
167 1 0.040922 -19.6809 0.347216 6.34023 4.26287 3.24443 1.82238 5.64657
168 1 0.0574403 -5.87085 1 11.1257 7.63902 5.89952 3.03197 4.55884
169 1 0.0492842 -21.3111 0.345042 9.589 4.60946 2.62073 1.52888 8.43091
170 1 0.0489609 -18.3877 0.362547 6.55679 4.19641 2.90087 1.78848 5.11069
171 1 0.0311034 -17.4734 0.422287 8.09624 5.09227 3.44867 2.34852 4.98752
172 1 0.0367399 -23.3869 0.316408 7.5056 4.2647 2.64255 1.46235 8.00083
173 1 0.021847 -20.4165 0.333651 7.37307 3.83037 2.54923 1.86193 5.24813
174 1 0.0726072 -6.08688 1 10.5469 7.93176 5.69948 2.99821 4.48908
175 1 0.0802573 -5.55007 1 9.80283 7.97224 4.63657 2.73103 5.28711
176 1 0.0620951 -5.98608 1 10.9564 7.77225 5.77588 3.01056 4.8314
177 1 0.0336012 -18.7611 0.351803 6.34271 4.46477 3.30801 2.11407 4.60468
178 1 0.0786903 -5.52013 1 9.572 6.60641 4.19804 2.3137 5.89024
179 1 0.01 -22.2613 0.30784 6.94607 3.88156 2.43856 1.81673 4.92044
180 1 0.0427878 -17.6231 0.36854 5.97672 3.69495 2.54645 1.519 4.3466
181 1 0.056765 -16.584 0.380818 7.13417 4.41685 2.92871 1.97669 4.852
182 1 0.0519528 -17.5202 0.388459 7.92588 4.11804 2.6708 1.88351 4.85989
183 1 0.0466771 -18.6149 0.364407 6.87914 4.00131 2.59891 1.65131 5.15313
184 1 0.0437876 -17.064 0.383115 6.27512 4.25567 2.84437 1.84606 4.48135
185 1 0.0480908 -17.7878 0.389785 7.25988 4.28906 2.75642 1.97802 5.2181
186 1 0.0374117 -18.2184 0.357347 5.22452 4.08643 3.00632 1.60324 4.57162
187 1 0.0470605 -17.4688 0.364854 5.51052 4.36847 2.82228 1.6784 4.605
188 1 0.0540446 -16.421 0.368196 5.85473 4.25796 3.07507 1.70442 4.93767
189 1 0.0450672 -18.9197 0.347281 6.80077 4.49784 3.08692 1.79924 5.58667
190 1 0.0573003 -16.2162 0.376688 7.04473 4.01999 2.71381 1.78809 3.92575
191 1 0.0537102 -15.6326 0.398601 7.14985 3.89697 3.2724 2.08912 3.6672
192 1 0.0577738 -17.4703 0.372298 6.81811 4.47306 2.83071 1.7672 5.03744
193 1 0.063336 -16.6151 0.37503 6.64303 4.34924 2.809 1.79466 4.35297
194 1 0.0441818 -19.8081 0.352878 6.75884 4.34514 2.58171 1.61671 5.03054
195 1 0.0433433 -18.6486 0.367268 6.58045 4.34524 2.70908 1.75813 4.53401
196 1 0.0408517 -18.2194 0.345209 6.35299 3.93334 2.77764 1.67335 4.12063
197 1 0.0796507 -5.99151 1 11.0494 7.56418 4.38136 2.63045 4.91751
198 1 0.0535042 -18.5388 0.361827 7.18515 4.38906 2.8549 1.82036 5.17519
199 1 0.0359483 -21.164 0.3273 6.35508 4.43826 2.58712 1.51851 5.19841
200 1 0.0433972 -17.8029 0.374748 6.25976 4.09418 3.30621 1.93771 4.65981
201 1 0.0446436 -15.3589 0.588428 12.9541 6.9638 3.78352 2.52043 5.28149
202 1 0.0504555 -15.2652 0.563628 12.1298 6.08167 3.58486 2.57515 5.08946
203 1 0.0485843 -15.5333 0.554792 12.2105 6.11924 3.58179 2.70751 5.42784
204 1 0.0425821 -18.0479 0.357638 6.8117 3.97622 2.32994 1.62707 4.23886
205 1 0.0386623 -19.0618 0.340519 6.12653 3.93054 2.54185 1.5594 4.39727
206 1 0.05458 -18.2517 0.362384 6.82457 4.46129 2.86593 1.78555 4.95902
207 1 0.0433692 -20.4238 0.373111 5.99637 4.72815 2.75487 1.65427 5.80736
208 1 0.0425568 -21.5079 0.354749 6.06872 4.95695 2.63013 1.55042 6.41098
209 1 0.0878936 -4.87569 1 8.71295 7.19444 4.29899 2.38119 4.40626
210 1 0.0626923 -16.5391 0.385547 6.81355 4.56656 3.10175 1.93466 4.76815
211 1 0.0538762 -17.2234 0.341857 7.14182 4.12632 2.95491 1.78365 4.63815
212 1 0.0579539 -16.9203 0.349456 6.23558 4.44739 3.18683 1.74954 4.98766
213 1 0.0593612 -17.9456 0.339691 6.28575 4.73016 2.96488 1.62884 5.58854
214 1 0.0524305 -20.3486 0.34871 7.88167 4.81559 2.8675 1.66596 6.41473
215 1 0.0578557 -16.3569 0.358393 7.40716 4.47151 3.2514 2.1119 4.84586
216 1 0.0743742 -13.5911 0.407812 5.74159 4.74439 3.63494 2.10947 5.26456
217 1 0.0517828 -15.0444 0.402938 6.03194 4.26499 3.7174 2.09553 4.79175
218 1 0.0307743 -20.956 0.338228 6.43883 3.92737 2.99765 1.64285 5.53063
219 1 0.0537851 -19.2831 0.351721 6.67695 4.72465 3.17655 1.70937 6.35834
220 1 0.0741119 -14.5338 0.372394 6.91941 3.81989 2.90653 1.81544 3.91604
221 1 0.0587915 -15.183 0.385319 5.899 4.28409 3.29154 1.92386 3.53425
222 1 0.059747 -16.6282 0.375296 7.00023 4.56721 3.04048 2.01151 4.13859
223 1 0.0465647 -17.2968 0.364198 7.13084 4.0066 3.10468 1.96127 4.06479
224 1 0.0549779 -15.4201 0.374439 5.66066 4.33404 3.62598 1.93016 3.99667
225 1 0.0583772 -17.4041 0.349721 6.16153 4.59485 3.0856 1.72605 4.87146
226 1 0.0604691 -15.0789 0.3893 5.95673 4.47219 3.62631 2.09497 3.58645
227 1 0.067813 -16.2965 0.341611 6.33619 4.27769 3.16165 1.71621 4.79352
228 1 0.0474107 -19.3981 0.371314 7.26677 4.64044 2.93651 1.89254 5.26859
229 1 0.0672613 -16.4707 0.383316 6.58989 4.64192 3.30336 1.9972 4.88949
230 1 0.0567758 -18.6028 0.357613 6.7971 4.42615 2.91203 1.6967 5.83321
231 1 0.0580668 -15.9127 0.395678 6.32855 4.66042 3.81163 2.28746 3.87079
232 1 0.0531268 -20.907 0.352899 6.47485 5.28334 2.85661 1.54465 7.49689
233 1 0.0468197 -18.7784 0.34832 6.6897 4.66702 3.37792 1.94152 4.7163
234 1 0.0495948 -18.5818 0.355979 6.27241 4.21013 3.22999 1.73471 5.5226
235 1 0.0264248 -22.3538 0.301141 6.37074 3.86017 2.76653 1.4964 5.73453
236 1 0.0616134 -15.2841 0.367991 6.02532 4.44262 3.11741 1.8989 3.44723
237 1 0.0551927 -15.6375 0.365102 6.24394 4.10303 3.02988 1.84998 3.3688
238 1 0.0523365 -17.4501 0.395003 7.035 4.44337 2.95525 2.01376 4.12543
239 1 0.0776352 -6.12884 1 12.3376 7.74282 5.04951 3.09471 3.9166
240 1 0.0764091 -5.48239 1 10.8288 7.09179 4.24059 2.50354 3.46831
241 1 0.055889 -16.6497 0.37267 7.66943 4.17303 3.06824 2.12245 4.01236
242 1 0.0500271 -17.4771 0.367261 6.54475 4.36764 3.1472 1.94503 4.08689
243 1 0.0646945 -17.0889 0.350062 6.39036 4.40461 3.14371 1.74306 4.92521
244 1 0.0568058 -15.7741 0.374227 5.77192 3.81719 3.28922 1.75262 4.01831
245 1 0.0730219 -5.62529 1 10.6473 7.77289 5.00023 2.76536 3.53894
246 1 0.0384936 -16.5126 0.374353 6.84223 4.0135 3.78889 2.33309 4.21253
247 1 0.0454112 -17.08 0.36775 5.97403 4.61217 3.49527 2.06589 4.10024
248 1 0.0399056 -18.4671 0.371622 6.79002 4.46189 3.45213 2.15334 4.22764
249 1 0.039615 -19.1484 0.354364 5.96878 3.9467 3.27162 1.72212 5.06654
250 1 0.0247846 -23.4608 0.323106 6.73288 4.25027 2.61821 1.54143 5.92248
251 1 0.0369058 -20.3351 0.338073 6.02162 4.30076 3.00781 1.66667 5.33856
252 1 0.0386002 -17.2843 0.368199 6.31115 4.13233 4.12299 2.25128 4.34994
253 1 0.0360624 -18.9087 0.32775 6.17364 3.99733 3.27074 1.78951 4.98693
254 1 0.0441255 -21.7252 0.339363 6.67739 4.97104 2.95337 1.60151 6.74277
255 1 0.043252 -21.5191 0.329823 6.60547 4.96146 2.89939 1.58741 6.50336
256 1 0.0532393 -18.5463 0.38275 6.39748 4.52394 3.29947 1.90908 5.52044
257 1 0.0404237 -19.8629 0.357312 6.24064 4.5368 3.09116 1.83098 5.48102
258 1 0.0550898 -16.1275 0.371952 6.19266 4.31997 2.84021 1.83123 3.92362
259 1 0.051407 -15.712 0.382511 6.96609 4.1472 2.80848 1.98533 3.82171
260 1 0.0491237 -15.1777 0.550475 11.6452 6.20782 4.51228 2.46371 5.16401
261 1 0.033984 -16.4991 0.544113 13.4338 7.562 4.5634 2.44949 6.08989
262 1 0.0498651 -14.3071 0.636383 14.8404 7.70937 6.04868 3.34051 5.10523
263 1 0.0442251 -16.1247 0.404521 6.19943 4.3181 3.81635 2.29186 4.09734
264 1 0.0527395 -19.5121 0.386935 6.60698 5.05009 2.86615 1.87117 5.8374
265 1 0.0544059 -18.6173 0.364158 6.71585 4.74013 3.14833 1.917 5.31191
266 1 0.0379352 -19.8575 0.349777 6.0444 3.78475 2.72477 1.58755 5.3829
267 1 0.0776363 -5.4805 1 10.1137 7.6081 4.89157 2.68125 4.21701
268 1 0.0458339 -18.0094 0.362296 6.36933 4.01869 3.38885 1.891 4.95542
269 1 0.0471975 -15.5868 0.403823 6.76711 4.06982 4.1836 2.49923 4.10374
270 1 0.0436434 -19.4376 0.345545 6.66692 4.20781 3.02499 1.7739 5.31495
271 1 0.0416469 -18.1541 0.355237 6.73803 4.11476 3.25667 1.97561 4.85551
272 1 0.0657594 -4.58704 1 8.80991 5.68042 3.76221 1.94574 4.79945
273 1 0.0333112 -21.2018 0.360581 7.03347 4.61558 2.636 1.85382 5.55998
274 1 0.0628912 -15.6549 0.36285 5.83943 4.47291 3.35315 1.77594 5.68801
275 1 0.0611957 -15.8702 0.353475 6.57899 4.07451 3.39439 1.87428 4.07344
276 1 0.0450013 -18.7395 0.370756 6.69672 4.33629 3.3607 1.9406 4.93923
277 1 0.0556249 -16.5779 0.374317 6.98278 4.57424 3.36903 2.16737 4.62574
278 1 0.0425438 -20.2108 0.328188 6.12592 4.63104 3.27918 1.63489 5.78411
279 1 0.0466739 -17.7514 0.35157 5.79544 4.51177 3.81088 1.88328 5.02594
280 1 0.0534423 -15.9176 0.36714 6.5235 4.15408 3.65538 2.07102 3.70262
281 1 0.0517135 -18.3236 0.340055 6.24859 4.53833 3.2768 1.75049 5.0093
282 1 0.0428332 -17.3646 0.335056 6.00779 3.98678 3.65087 1.83946 4.30558
283 1 0.0509327 -18.4075 0.364581 6.77371 4.73482 3.31821 2.00121 4.54585
284 1 0.0452476 -17.6008 0.380555 7.12811 4.2581 3.66349 2.29365 4.0762
285 1 0.030322 -23.5073 0.32528 7.88393 4.17916 2.71079 1.56132 6.46608
286 1 0.0448154 -20.2443 0.325185 7.72024 4.31344 3.34399 1.78204 5.63995
287 1 0.0476163 -19.1115 0.34619 7.93449 4.63349 3.13786 2.0381 4.76211
288 1 0.0575925 -19.3891 0.338794 7.99088 4.86925 3.06583 1.76572 6.15829
289 1 0.0519031 -17.1128 0.365197 6.0405 4.98627 3.49423 2.05047 4.9104
290 1 0.0490505 -17.1855 0.386965 6.7539 4.51342 4.06511 2.39715 4.11055
291 1 0.0594241 -17.1159 0.326906 6.67845 4.03621 2.748 1.60388 4.07736
292 1 0.0733931 -5.37517 1 11.9755 6.99517 4.77181 2.88613 4.44266
293 1 0.0392458 -17.5347 0.355481 6.75422 3.98029 3.43715 2.0286 4.29106
294 1 0.0478719 -15.7975 0.369023 5.9905 4.2262 3.43873 2.01079 3.60734
295 1 0.067211 -4.9748 1 10.3173 6.36952 4.4289 2.37198 3.51874
296 1 0.0435791 -16.4345 0.385822 5.85602 4.57003 3.66174 2.1432 4.19768
297 1 0.045858 -16.0361 0.380641 6.23684 3.8286 4.22846 2.13861 4.10578
298 1 0.0539098 -16.3046 0.382405 6.36992 4.38407 3.9575 2.27069 3.91269
299 1 0.0489482 -19.6282 0.336196 6.62232 4.43402 2.98874 1.66978 5.53495
300 1 0.0616383 -18.5925 0.336781 7.27579 4.98947 3.18022 1.79 5.68252
301 1 0.0381234 -19.3861 0.337358 6.58155 3.79648 3.22519 1.75726 5.10781
302 1 0.0662935 -5.10535 1 10.2311 6.80864 5.05073 2.6159 3.91576
303 1 0.035211 -17.8132 0.356957 5.63287 4.2934 3.8628 1.9819 4.57771
304 1 0.0377067 -22.7291 0.323967 6.13945 4.8024 2.97866 1.49242 7.39844
305 1 0.0166777 -23.9623 0.291497 5.87404 3.77817 2.90963 1.49324 6.70537
306 1 0.0180006 -22.4368 0.307558 6.57663 3.60495 3.47923 1.73087 6.13328
307 1 0.0310861 -18.8558 0.328673 6.70267 3.92736 4.13842 2.16388 4.86262
308 1 0.0328773 -16.5148 0.408304 7.80076 4.9065 3.77876 2.01741 4.92288
309 1 0.0573751 -5.76594 1 10.39 6.43715 4.54463 2.22426 4.98481
310 1 0.0310769 -19.0569 0.488102 13.08 6.13572 3.65567 2.0097 7.23329
311 1 0.0682539 -6.52375 1 13.3008 8.04174 7.05798 4.13815 4.62072
312 1 0.0408005 -16.7585 0.514845 12.9389 6.68513 4.70543 2.4555 6.34425
313 1 0.0344946 -19.3573 0.356437 6.565 4.44146 3.21479 2.03204 5.23983
314 1 0.0350199 -18.9389 0.338809 6.36951 4.06289 3.06806 1.86306 4.81667
315 1 0.0388185 -16.5173 0.500613 10.9739 7.41012 5.94824 2.883 5.9554
316 1 0.0241769 -22.8598 0.330591 5.72619 4.28628 2.74473 1.56614 6.55023
317 1 0.0798857 -6.38017 1 10.69 8.60078 6.12917 3.27026 3.72986
318 1 0.0438898 -18.0245 0.363889 5.99165 4.71551 4.0793 2.24708 5.03693
319 1 0.0408683 -18.7308 0.351658 6.16929 4.57554 3.54145 2.04514 5.02081
320 1 0.0602389 -15.9599 0.379716 6.44769 3.66807 2.7196 1.59904 4.73474
321 1 0.055352 -17.0632 0.397461 6.70077 4.25528 2.64287 1.75171 5.04564
322 1 0.0539989 -20.6847 0.359683 7.14752 4.38214 2.31939 1.42437 7.43587
323 1 0.0643084 -15.7885 0.378856 6.67874 4.18388 2.97329 1.79662 5.01173
324 1 0.051371 -17.5418 0.360104 6.79262 3.82699 2.74699 1.60595 4.9361
325 1 0.0519009 -16.8203 0.403075 6.32778 4.37604 3.33177 1.96722 4.82173
326 1 0.0482443 -18.5789 0.364456 6.77018 4.24459 2.9418 1.75158 5.50705
327 1 0.063114 -14.3596 0.422652 5.97825 4.22863 3.32 2.02272 3.56623
328 1 0.0526818 -19.18 0.370975 6.70566 4.49791 2.99777 1.76006 5.7953
329 1 0.0462291 -16.3388 0.403212 6.05777 4.39757 3.3399 2.03911 4.30328
330 1 0.0436632 -23.0179 0.354118 6.57154 3.92322 2.28117 1.32463 8.20294
331 1 0.0506023 -18.7616 0.371752 5.96845 4.35294 2.74818 1.65565 5.62182
332 1 0.0498991 -18.5676 0.376231 5.97427 4.8051 2.95084 1.77478 5.04016
333 1 0.0497151 -21.7718 0.34593 6.23152 5.10716 2.59802 1.42312 7.44856
334 1 0.0514412 -19.5665 0.374036 5.70273 4.84489 2.79741 1.6417 6.30832
335 1 0.0491266 -17.103 0.39889 6.70642 4.48422 3.10573 2.15702 4.61187
336 1 0.060209 -17.4196 0.383393 5.97679 4.65225 3.35165 1.77898 5.94081
337 1 0.0606873 -13.3546 0.443764 7.0376 3.97296 3.66081 2.42072 3.35827
338 1 0.0641875 -16.1135 0.397949 6.18549 4.48632 3.0495 1.83405 4.60005
339 1 0.0649196 -17.6546 0.363581 6.46812 4.72349 3.4091 1.81749 6.16142
340 1 0.061933 -15.3069 0.388291 5.697 4.67151 3.27885 1.93629 4.04811
341 1 0.0519443 -18.5927 0.343872 6.14855 4.41197 2.86301 1.60557 4.96254
342 1 0.0515249 -17.9567 0.356521 5.80154 4.38823 3.04035 1.68471 4.75732
343 1 0.0504427 -17.8979 0.396085 6.7212 4.62721 3.13032 2.04789 4.44401
344 1 0.0468642 -20.0789 0.362252 6.52648 4.37293 2.6904 1.60056 5.60778
345 1 0.050734 -16.4682 0.390736 6.90906 4.57444 3.43637 2.34279 4.11737
346 1 0.0395652 -18.2983 0.387061 6.6469 3.84734 3.06186 1.87666 4.48815
347 1 0.0679058 -17.6423 0.374421 6.36288 4.42044 2.93933 1.6754 6.20314
348 1 0.0410474 -15.2725 0.436817 7.43032 4.13197 4.21719 2.95216 4.22415
349 1 0.0314712 -19.7 0.338486 5.70356 4.12941 2.94645 1.63233 4.81101
350 1 0.0600028 -17.0486 0.38915 5.98054 4.81329 3.43113 1.97332 4.88307
351 1 0.0836217 -5.78113 1 10.3971 7.54567 4.41414 2.56233 5.90001
352 1 0.0452515 -19.3588 0.367784 7.10208 4.18712 2.52495 1.68553 4.96947
353 1 0.0462526 -17.8472 0.384947 6.83547 4.19591 2.79804 1.8903 4.8594
354 1 0.0492659 -16.1208 0.401708 7.36541 4.342 3.11526 2.29045 4.80866
355 1 0.0557929 -17.641 0.373131 6.10948 4.35414 3.30378 1.85823 5.12493
356 1 0.086547 -6.42772 1 10.8881 7.06723 4.50298 2.56638 5.60235
357 1 0.0563923 -18.1859 0.366071 6.95897 4.25506 2.88454 1.79304 5.2586
358 1 0.0389645 -25 0.275858 5.63681 4.18409 2.14741 1.22651 6.57232
359 1 0.0785385 -5.78359 1 8.78139 7.25918 4.7163 2.25624 4.83864
360 1 0.0710007 -14.746 0.364137 5.91204 4.39557 3.3139 1.78552 5.39674
361 1 0.0540048 -16.2739 0.392085 7.79229 4.02023 3.19579 2.1212 4.24187
362 1 0.0600282 -17.7013 0.344482 7.50014 4.17396 2.74932 1.66715 5.15613
363 1 0.0581231 -15.1855 0.388115 6.43388 4.14204 3.76929 2.0897 4.16005
364 1 0.0733511 -15.1789 0.374458 7.14965 4.08199 2.95963 1.87927 3.73249
365 1 0.0624156 -14.9503 0.410196 6.91576 3.97726 4.0744 2.31612 3.77659
366 1 0.0689134 -17.2584 0.354727 6.61363 4.37559 3.3323 1.75155 5.83771
367 1 0.0445372 -17.9239 0.368683 5.64906 4.57931 3.56839 1.8582 4.92863
368 1 0.0509536 -15.8762 0.409517 5.99657 4.59639 4.33301 2.33602 4.26579
369 1 0.0395109 -18.3753 0.343904 5.8331 4.38125 3.72602 1.87669 4.90831
370 1 0.049479 -16.4737 0.38372 6.21172 4.03309 3.99856 2.07254 4.74389
371 1 0.0365555 -18.1738 0.362744 6.68864 4.14161 4.23748 2.30856 4.58254
372 1 0.0699251 -14.8952 0.383476 7.3873 3.67954 2.95275 1.89642 3.83302
373 1 0.0591232 -15.7888 0.381658 6.99523 4.08429 3.33005 2.10251 3.67781
374 1 0.0512795 -19.3338 0.356276 6.94446 4.53454 2.80229 1.71809 5.17011
375 1 0.0603681 -15.6035 0.377468 6.55479 4.12142 3.2823 1.98725 3.59568
376 1 0.0482117 -17.3644 0.35341 6.87338 4.03529 3.06573 1.87303 4.02012
377 1 0.069484 -14.6078 0.375248 6.24986 4.26369 3.40001 2.05095 3.40064
378 1 0.0548176 -19.9112 0.354602 6.4114 5.20943 2.95419 1.65045 5.97726
379 1 0.0488842 -19.66 0.366486 5.97681 4.54754 2.88301 1.64548 5.9409
380 1 0.0514426 -20.3995 0.346563 6.89415 4.86067 3.05425 1.67652 6.21216
381 1 0.0716878 -5.46957 1 10.0709 6.91451 4.83513 2.50265 4.95578
382 1 0.0484348 -18.2245 0.37353 5.93908 4.78879 3.54153 1.95104 4.71989
383 1 0.043126 -20.9776 0.360109 6.00621 4.56089 3.15038 1.64998 6.53072
384 1 0.0299412 -20.8078 0.319462 6.29231 3.67291 3.58564 1.69294 5.83979
385 1 0.0558554 -17.7835 0.367369 6.53391 4.79532 2.91857 1.88286 4.49754
386 1 0.058635 -16.1085 0.355227 5.79039 4.12469 3.26133 1.7896 4.35901
387 1 0.0448295 -16.6138 0.512075 10.6248 5.80226 4.35404 2.44901 5.6672
388 1 0.054899 -17.6632 0.390739 7.5468 4.63752 2.95705 2.20185 4.64387
389 1 0.0523599 -18.0248 0.361845 6.36883 3.79889 2.91195 1.6977 5.47756
390 1 0.0277791 -18.4123 0.332894 5.70841 3.73465 3.22993 1.73619 4.83346
391 1 0.0608529 -17.8686 0.375835 6.84899 4.98389 3.3138 2.04712 5.1105
392 1 0.0412138 -20.3247 0.359114 6.71547 4.36005 2.99132 1.78391 5.57508
393 1 0.0432135 -18.2179 0.347942 6.50937 4.19869 3.76326 2.04805 5.31824
394 1 0.0924678 -4.62141 1 9.00697 6.40122 3.84605 2.23732 5.58003
395 1 0.0331493 -19.6822 0.345268 5.76104 3.98228 3.32519 1.75403 5.39034
396 1 0.0266146 -19.6883 0.335456 6.18126 3.87375 3.48266 1.90098 5.29082
397 1 0.0373028 -19.0514 0.358017 5.77517 4.63095 3.34389 1.95024 5.41784
398 1 0.0921934 -3.92987 1 7.8572 6.25217 3.8399 2.12614 5.61025
399 1 0.0648855 -16.249 0.372733 7.36276 4.30213 3.3609 1.94601 6.33911
400 1 0.0480979 -17.4627 0.347509 6.14797 4.09807 3.80119 1.83648 5.42696
401 1 0.0601188 -15.0224 0.396517 7.00069 4.29869 3.79046 2.35115 4.07451
402 1 0.0521797 -17.3333 0.332969 5.57177 4.57035 3.42179 1.68781 6.04331
403 1 0.065216 -15.837 0.35383 5.95536 4.23583 3.72646 1.8187 5.23285
404 1 0.0428095 -16.975 0.350037 5.73265 4.41363 4.19734 2.02191 5.94224
405 1 0.0633195 -18.8711 0.35189 6.60267 5.11498 3.69978 1.71371 7.1741
406 1 0.0250939 -23.5768 0.317228 6.19538 3.91568 3.20167 1.51195 6.88931
407 1 0.0697354 -15.6396 0.373991 7.35552 4.16781 3.11696 1.9624 3.74921
408 1 0.0557519 -17.7424 0.345309 6.94879 4.30613 2.97864 1.78135 4.5895
409 1 0.0499995 -19.9768 0.349467 8.47516 4.55756 3.11456 1.90131 5.50923
410 1 0.0776618 -15.1625 0.393465 5.59007 5.27644 3.72642 1.98601 5.2652
411 1 0.0512659 -15.5483 0.375819 6.08255 4.43039 4.56233 2.33099 4.57203
412 1 0.0628547 -17.8792 0.362428 7.16338 5.30339 3.58763 2.11074 5.19384
413 1 0.0500116 -19.2664 0.328687 6.53619 4.34963 3.49343 1.69905 5.58566
414 1 0.0675518 -18.8481 0.347885 7.10876 5.23482 3.42683 1.69306 6.82233
415 1 0.0492166 -19.9626 0.337353 7.25586 4.93918 3.90479 1.97327 6.06728
416 1 0.0565012 -16.2057 0.351844 5.62689 4.43627 3.60402 1.84276 4.3988
417 1 0.0490703 -15.6647 0.390891 6.65699 4.2826 4.14284 2.46815 3.89662
418 1 0.0879931 -5.01382 1 10.004 7.01066 4.59571 2.53243 3.6194
419 1 0.0520061 -18.0686 0.364486 7.2043 4.78258 3.15747 2.16318 4.80672
420 1 0.061081 -16.5123 0.388671 5.24759 4.90406 3.56013 1.79445 5.3086
421 1 0.0608667 -16.8773 0.365128 5.71138 4.37884 3.58924 1.7752 5.08258
422 1 0.0453375 -16.629 0.380339 6.38533 4.28214 4.42433 2.38096 4.53884
423 1 0.0383738 -17.3822 0.340874 6.02509 4.29334 3.7664 2.06119 4.83397
424 1 0.0429316 -19.9305 0.339698 6.39275 4.16725 3.46671 1.74189 5.71237
425 1 0.0484017 -17.7547 0.383772 5.8733 5.02615 4.09135 2.18017 4.91503
426 1 0.0631221 -17.4717 0.371519 5.66292 5.15012 4.16148 1.95204 5.64905
427 1 0.0481476 -13.9651 0.670631 15 7.49097 5.8426 3.46184 5.27592
428 1 0.0495662 -17.8817 0.363353 6.06332 4.61979 3.09456 1.84316 4.81356
429 1 0.0455851 -19.6157 0.307573 5.96325 4.3509 2.86257 1.52053 5.52726
430 1 0.0655948 -5.7027 1 10.9796 7.84221 5.90799 3.09381 4.24669
431 1 0.0253135 -21.9249 0.31808 6.36048 3.96391 2.82915 1.61719 5.62906
432 1 0.0479044 -17.0795 0.373919 6.14388 4.83876 3.69533 2.27042 4.29531
433 1 0.0696453 -4.88114 1 9.0466 6.55698 4.55123 2.26333 5.27489
434 1 0.0682439 -5.06385 1 10.4726 6.36902 5.77982 2.76622 6.03465
435 1 0.0391352 -18.6036 0.363978 5.815 4.62136 4.21942 2.14388 5.49297
436 1 0.034265 -20.4657 0.336953 7.05093 4.62788 4.18707 2.30145 6.45792
437 1 0.0512629 -17.1024 0.385165 6.43677 4.32835 2.47185 1.69137 4.66388
438 1 0.0528743 -17.3052 0.370739 6.95398 4.25023 2.59777 1.80294 5.22213
439 1 0.0558126 -16.3217 0.394122 6.78311 4.38413 2.57022 1.79943 4.96371
440 1 0.0507119 -15.64 0.480508 9.78389 5.36307 3.07941 2.0397 4.93267
441 1 0.0468767 -16.2079 0.392061 6.96103 3.87327 2.75257 1.86715 4.29912
442 1 0.0415004 -20.2033 0.348107 6.25471 4.26072 2.68799 1.5604 5.57598
443 1 0.0381678 -20.2109 0.344159 6.29722 3.93839 2.66738 1.55969 5.29941
444 1 0.0521705 -15.0395 0.425676 7.65532 4.10234 3.10045 2.08231 5.15966
445 1 0.0358918 -20.5416 0.363608 6.96056 4.51239 2.47793 1.75169 6.30484
446 1 0.0436475 -19.358 0.32255 6.05525 4.08872 2.66344 1.49832 4.84593
447 1 0.0678944 -5.64648 1 10.2482 6.63577 4.52105 2.32606 4.71561
448 1 0.0357849 -14.9516 0.611843 13.94 8.05613 4.93412 2.70757 5.55183
449 1 0.0304125 -21.5268 0.336931 6.8151 4.01694 2.36937 1.55373 5.84139
450 1 0.0858199 -5.24821 1 10.1061 7.32273 3.89899 2.49526 4.60049
451 1 0.0423105 -17.8508 0.400782 6.53301 3.88701 2.61161 1.66049 5.69451
452 1 0.0608694 -16.1789 0.391984 6.46093 4.07018 2.55682 1.69992 4.82041
453 1 0.0461538 -18.0819 0.389156 6.16383 4.42577 2.53309 1.69136 5.28348
454 1 0.039595 -20.847 0.349764 6.22474 4.27073 2.16337 1.40093 6.30446
455 1 0.0589308 -17.3159 0.361227 6.70505 4.38475 2.99664 1.79156 5.39468
456 1 0.0503806 -17.0723 0.385438 6.21682 4.04285 2.92622 1.73485 4.12291
457 1 0.0478138 -19.4275 0.361763 7.3162 4.09616 2.58113 1.63906 5.47584
458 1 0.0427083 -21.0061 0.361977 7.36267 4.78739 2.32373 1.60632 6.91723
459 1 0.0474159 -18.2146 0.362429 6.67165 4.2332 2.96046 1.743 4.76851
460 1 0.0439833 -19.9649 0.3499 6.44159 4.1801 2.79206 1.58944 5.85766
461 1 0.0610545 -17.5797 0.377359 7.71159 4.28357 2.50956 1.74691 5.10492
462 1 0.0558638 -16.1243 0.399727 6.62079 4.2935 3.36237 2.11633 3.75261
463 1 0.0840972 -5.61593 1 10.3706 7.55279 4.20364 2.53907 5.00047
464 1 0.0765321 -5.95911 1 10.5467 6.97306 4.31306 2.38765 5.08552
465 1 0.0472168 -16.8407 0.366461 5.90767 4.46254 3.43618 1.97264 4.0113
466 1 0.07061 -6.0851 1 10.3709 6.91459 4.7047 2.37411 4.33594
467 1 0.0406426 -16.2669 0.49466 9.69545 5.59854 3.06461 2.05132 5.18274
468 1 0.0630809 -14.8673 0.394593 6.62073 4.02087 3.18002 2.03341 4.17116
469 1 0.0462267 -16.7631 0.392395 6.01589 4.5214 3.05295 1.9365 4.25593
470 1 0.0436754 -21.5666 0.331962 8.01869 4.5376 2.77418 1.57578 6.2557
471 1 0.0554379 -18.5318 0.342857 6.52541 4.57668 3.34927 1.71826 5.53934
472 1 0.0514131 -19.8295 0.359812 7.14918 4.73257 2.87007 1.70029 5.67805
473 1 0.0466004 -25 0.337371 8.58351 5.64984 2.60007 1.50556 9.09637
474 1 0.0435347 -20.5936 0.335671 7.08651 4.08685 2.54552 1.52723 5.72979
475 1 0.0554058 -17.9132 0.379897 7.64975 4.61033 2.84936 2.02868 4.74519
476 1 0.0451657 -17.5791 0.377304 6.74815 4.14398 3.2192 1.98708 4.0457
477 1 0.0504315 -18.2882 0.36143 7.12239 4.48523 3.04933 1.91034 4.59823
478 1 0.0408783 -22.6954 0.330453 7.40361 4.90119 2.49679 1.48531 7.0427
479 1 0.0400941 -19.9875 0.361571 6.09607 4.67174 3.03066 1.75293 5.1587
480 1 0.0239085 -25 0.35067 7.51273 4.91165 2.54767 1.3937 8.56085
481 1 0.0746026 -5.9982 1 12.6516 7.69849 4.71534 3.04649 4.6313
482 1 0.0413761 -17.938 0.349025 7.27946 4.15477 2.55303 1.8411 4.71577
483 1 0.0532007 -16.2451 0.38892 6.14544 4.47713 3.20482 2.01596 3.85425
484 1 0.078922 -4.51728 1 8.51498 6.51595 3.74123 2.09622 5.18469
485 1 0.0608479 -17.7986 0.365012 6.09369 4.53499 2.74712 1.59853 6.25328
486 1 0.0556831 -16.6815 0.388475 6.75242 3.92534 2.97622 1.77706 4.89755
487 1 0.0463472 -17.7112 0.370748 5.97261 4.19178 2.94731 1.68539 5.11898
488 1 0.0585281 -17.5202 0.372019 5.91612 4.03693 2.64135 1.53457 5.48465
489 1 0.0472863 -18.5739 0.386035 7.22742 4.06816 2.69961 1.76135 5.21498
490 1 0.0399871 -20.7731 0.352659 6.58974 3.94968 2.47188 1.48208 6.0381
491 1 0.0649548 -15.6342 0.42291 8.54549 3.92178 2.4598 1.9061 6.1625
492 1 0.0485042 -17.8686 0.395169 6.20285 4.7693 2.75397 1.80201 5.29917
493 1 0.0369343 -21.7459 0.361902 6.54432 3.88054 2.38108 1.47331 6.8508
494 1 0.0420364 -19.1505 0.365951 7.35094 4.1895 2.81017 1.73521 5.40432
495 1 0.0598999 -16.7754 0.365277 6.56794 4.42413 3.23075 1.84825 5.78954
496 1 0.0475203 -17.6517 0.387056 7.06989 3.91294 2.67199 1.71536 4.79732
497 1 0.0667094 -17.7294 0.365151 5.94537 4.83568 2.76809 1.56254 5.94564
498 1 0.0628587 -15.5335 0.384278 6.45528 4.29864 3.18428 1.93453 4.27863
499 1 0.0614525 -16.2597 0.382067 5.51822 4.69261 3.34838 1.81308 4.81319
500 1 0.0527409 -17.4741 0.370234 5.96623 4.47142 3.1131 1.77827 4.93737
501 1 0.040856 -21.4961 0.357085 6.77086 4.39678 2.64455 1.54561 6.53774
502 1 0.0515214 -16.9944 0.401506 6.9415 4.33932 3.14004 2.0502 4.76932
503 1 0.0562734 -17.1847 0.365489 6.57513 4.43484 2.64063 1.68657 4.65246
504 1 0.0545356 -19.5891 0.358491 7.29002 4.25179 2.38502 1.5144 6.32929
505 1 0.0506556 -18.537 0.333003 6.05997 4.20767 2.64917 1.50775 4.75263
506 1 0.0525841 -16.5022 0.418066 6.42775 4.55581 3.03964 2.03866 4.38472
507 1 0.0533144 -16.9647 0.396419 6.31948 4.16463 3.16211 1.91628 4.85181
508 1 0.0335928 -20.928 0.348909 7.32601 3.90319 2.25066 1.47874 5.53194
509 1 0.0279142 -21.5564 0.307526 5.48693 3.72749 2.4222 1.35466 5.27271
510 1 0.0585155 -17.4832 0.3653 6.04307 4.58694 3.03389 1.74681 5.04814
511 1 0.0520229 -18.65 0.374215 6.25687 4.3961 3.00638 1.74306 5.57853
512 1 0.0413987 -17.709 0.394391 7.08447 4.18766 3.18904 2.12045 4.48135
513 1 0.0657327 -16.3878 0.390781 6.57361 4.14182 2.84096 1.77074 4.72785
514 1 0.0554386 -18.3872 0.407112 7.22758 4.47352 2.58325 1.85347 5.73784
515 1 0.0501309 -18.1661 0.393711 6.82798 4.4215 2.83074 1.87372 4.80472
516 1 0.0396671 -18.0591 0.408832 7.14978 4.17682 2.8389 1.98842 5.20452
517 1 0.0369356 -19.7386 0.366015 6.60285 3.93126 2.3579 1.54776 5.18257
518 1 0.0357554 -20.8455 0.356109 5.94981 3.79823 2.39287 1.44923 6.26187
519 1 0.0453569 -18.8721 0.392197 7.48177 4.3953 2.50213 1.84521 5.19321
520 1 0.0512542 -16.8624 0.381267 7.16914 4.03627 2.87102 1.95753 4.94679
521 1 0.0512531 -17.4467 0.415147 5.92426 4.49573 3.32117 1.98133 4.76486
522 1 0.0898829 -6.26439 1 9.3963 7.08143 4.18239 2.26783 6.0053
523 1 0.0588043 -16.7042 0.360513 6.49778 4.47469 3.12059 1.79966 5.64168
524 1 0.0593191 -18.1487 0.346062 6.6489 4.50586 3.04682 1.65762 5.43868
525 1 0.0336174 -18.9617 0.339409 6.03439 3.52704 2.80718 1.5346 4.96908
526 1 0.0771708 -12.1983 0.426111 7.58584 3.65749 2.77662 2.11001 4.33139
527 1 0.0551167 -16.2885 0.406913 6.81906 4.14609 3.30207 2.03698 3.82704
528 1 0.0488008 -18.7946 0.367604 7.40536 4.205 2.70519 1.73905 4.86067
529 1 0.0563707 -18.1595 0.345669 6.14864 4.52657 3.02963 1.64116 4.90566
530 1 0.0451426 -19.6734 0.352827 6.51162 4.1764 2.75763 1.58081 5.2683
531 1 0.0570906 -16.208 0.376924 6.07543 4.34486 3.39603 1.92865 4.15314
532 1 0.054214 -18.224 0.362901 5.76535 4.73169 3.20307 1.69475 5.33711
533 1 0.0522833 -16.43 0.383359 5.33952 4.60769 3.47166 1.85322 4.51453
534 1 0.0480304 -19.375 0.342414 6.16578 4.70888 3.14787 1.68616 5.42948
535 1 0.0437692 -18.7166 0.369961 7.47223 4.17805 2.53525 1.7662 5.05931
536 1 0.0509037 -16.6072 0.37464 6.58068 3.80592 3.07395 1.84775 4.3303
537 1 0.0545869 -17.6035 0.366967 5.65107 4.51476 3.05469 1.70295 4.67492
538 1 0.0500234 -19.1467 0.333023 5.99288 4.37698 2.80252 1.53104 5.07794
539 1 0.0485541 -17.0835 0.377692 6.96675 4.28849 3.47053 2.15779 4.11531
540 1 0.043058 -17.4419 0.37561 6.59055 4.08164 3.18649 1.95588 4.15418
541 1 0.0521548 -19.3219 0.357757 6.68679 4.65661 2.75404 1.67506 5.41185
542 1 0.0500816 -18.7145 0.371743 6.65052 3.93607 3.04946 1.73161 5.28897
543 1 0.0517637 -18.1134 0.372534 7.18796 4.50051 2.95755 1.94869 4.61626
544 1 0.08411 -4.19255 1 8.35605 5.9751 3.58943 1.99677 5.7483
545 1 0.0405068 -20.7859 0.350337 5.36753 4.38356 2.83509 1.47114 5.92482
546 1 0.0895716 -5.8438 1 9.83415 8.38281 5.13627 2.77622 4.18109
547 1 0.0487926 -17.7835 0.388371 6.5016 4.59875 3.38423 2.08205 4.28476
548 1 0.0426034 -18.9851 0.379324 6.54137 4.73416 3.08181 1.95988 4.76746
549 1 0.0503615 -16.7712 0.402408 6.36213 4.7906 3.56247 2.30302 4.06511
550 1 0.0400016 -19.0194 0.360457 6.53564 4.42393 2.94796 1.83869 4.64379
551 1 0.0288169 -19.268 0.346578 6.4242 3.86672 3.21342 1.82564 4.82215
552 1 0.0550193 -15.8238 0.387278 6.33624 4.58521 3.7971 2.32124 3.77997
553 1 0.0539374 -21.0199 0.354376 6.90981 5.63076 3.02225 1.6532 7.1565
554 1 0.0405826 -17.5855 0.404107 6.93806 4.22377 3.4994 2.27151 4.15758
555 1 0.0626394 -16.7942 0.387939 8.90237 4.05365 2.4524 1.85417 5.57662
556 1 0.0503348 -17.2655 0.467 11.1501 5.66352 3.09015 1.97502 6.04182
557 1 0.0517907 -15.8093 0.416016 6.63321 4.08245 3.34258 2.13495 4.17001
558 1 0.0583709 -17.6624 0.371427 6.83657 4.29298 2.95633 1.8236 4.91066
559 1 0.0596931 -18.069 0.376687 7.22758 4.97224 2.74979 1.91448 5.40159
560 1 0.0588711 -16.834 0.386106 6.92354 4.67968 2.84437 2.01675 4.54819
561 1 0.0394154 -17.575 0.372844 5.97768 4.24566 3.03276 1.83286 4.61827
562 1 0.050226 -18.2801 0.381259 5.95657 4.46452 3.02394 1.77387 4.88699
563 1 0.083475 -5.62628 1 9.5815 7.81407 4.41929 2.42777 4.79862
564 1 0.0512889 -17.2028 0.370966 5.9567 4.58449 3.05045 1.86884 4.4835
565 1 0.0475754 -19.5653 0.369474 6.16187 4.12519 2.72805 1.59529 5.77534
566 1 0.0463058 -20.4907 0.370917 6.48145 4.67415 2.60927 1.637 6.28566
567 1 0.0419726 -18.0851 0.374827 6.70696 4.22689 3.39767 2.07464 5.46321
568 1 0.0451163 -16.7844 0.377396 6.88887 4.24832 3.39006 2.21178 4.46872
569 1 0.0411956 -18.4352 0.394055 6.9888 4.18188 2.84436 1.97068 5.03776
570 1 0.0505174 -18.1698 0.392387 6.94449 4.61078 3.03772 2.09487 5.17432
571 1 0.0423436 -19.9526 0.360685 6.18888 4.89789 2.84318 1.74501 5.3948
572 1 0.0767192 -6.08483 1 10.3354 8.03024 5.14146 2.8401 5.61417
573 1 0.0426741 -17.7289 0.362093 5.92099 4.27753 3.61815 1.97324 4.78946
574 1 0.0405081 -20.376 0.349916 6.60961 4.33597 2.96915 1.75688 6.01366
575 1 0.0525502 -17.9156 0.353156 6.0398 4.52039 3.25012 1.70421 5.05781
576 1 0.0536354 -17.1233 0.353432 6.50083 4.36009 3.40317 1.89483 4.56693
577 1 0.0412198 -23.393 0.341475 7.49384 5.02021 2.93529 1.51078 8.16821
578 1 0.060945 -16.0474 0.363175 7.43233 3.89131 2.96458 1.87928 3.83273
579 1 0.0499304 -17.9895 0.336656 5.51429 4.26805 3.20001 1.59593 4.64844
580 1 0.0627385 -18.0375 0.36725 6.46569 5.0607 3.27562 1.84853 5.45749
581 1 0.0525502 -16.6207 0.379405 6.3863 4.19372 3.66887 2.04102 3.90377
582 1 0.05427 -17.1506 0.341584 6.44872 4.26553 3.31863 1.82567 4.36395
583 1 0.0552146 -17.5082 0.347863 7.28916 4.6376 3.52268 2.11964 4.52833
584 1 0.0481118 -20.521 0.345224 5.62336 4.83777 3.02672 1.49275 6.45138
585 1 0.0552536 -17.55 0.363359 5.80046 5.08714 3.65149 1.92839 4.71627
586 1 0.0567994 -17.1889 0.350839 5.69194 5.16483 3.58404 1.88651 5.17467
587 1 0.0517163 -15.8758 0.362974 6.19954 4.1203 3.7683 2.0177 4.02288
588 1 0.0411328 -18.789 0.339126 6.28688 4.01784 2.84287 1.63921 4.44053
589 1 0.0479158 -17.7104 0.331017 5.99967 4.00182 2.9088 1.61569 4.06643
590 1 0.05843 -16.5332 0.367829 7.24316 4.63443 3.27727 2.22437 3.92153
591 1 0.0755365 -6.09637 1 11.9707 7.49889 5.79448 3.1362 4.0998
592 1 0.037461 -21.1763 0.341044 6.92947 3.83982 2.54568 1.54072 6.01696
593 1 0.0409474 -18.2701 0.325354 5.55132 3.98539 3.32116 1.63629 4.87383
594 1 0.0491434 -17.201 0.368835 6.2547 4.61704 3.48969 2.07204 4.12796
595 1 0.0347203 -21.0777 0.331078 7.18859 4.10505 2.98323 1.67693 5.40479
596 1 0.0495946 -19.5749 0.352911 6.84692 4.52311 3.07933 1.75823 5.40415
597 1 0.0342789 -19.3585 0.363437 7.42241 3.82979 3.58401 2.08723 4.97521
598 1 0.0475135 -19.8627 0.346842 7.71235 4.70941 3.02399 1.89678 5.34414
599 1 0.0571298 -18.6804 0.347564 7.0142 4.41309 3.04232 1.73782 5.59951
600 1 0.0468906 -20.1271 0.357092 6.4307 5.0733 3.36871 1.82232 5.56413
601 1 0.0424531 -18.4238 0.360297 5.94652 4.57627 3.48888 1.92243 4.70784
602 1 0.0269786 -20.4527 0.315202 5.27095 3.93464 3.26685 1.58593 5.42008
603 1 0.0339269 -25 0.322758 6.72248 5.39825 2.72335 1.39576 8.16733
604 1 0.046735 -18.758 0.383598 5.71277 4.77717 3.48948 1.91943 5.27882
605 1 0.0188974 -24.4612 0.322341 6.22435 3.97349 2.63371 1.47134 6.59626
606 1 0.0459582 -19.3593 0.341839 6.04427 4.48084 3.6522 1.79458 5.53991
607 1 0.0294127 -20.8611 0.350114 5.81841 4.27923 3.14736 1.74051 5.69103
608 1 0.0509286 -12.9045 0.678337 15 7.91942 5.20437 3.44574 5.24236
609 1 0.0481798 -14.8801 0.6081 14.935 8.22029 4.19738 2.80398 5.46652
610 1 0.0554255 -15.1003 0.428174 7.25846 4.54142 3.61527 2.23223 3.92464
611 1 0.0593238 -17.0717 0.38475 6.75016 4.60782 3.07587 2.02578 4.3994
612 1 0.0432466 -17.9972 0.361387 7.25371 3.55932 3.0486 1.84661 5.11314
613 1 0.0438684 -17.7516 0.384176 6.25472 4.6995 3.2198 2.08551 4.662
614 1 0.0573519 -19.5521 0.353524 6.39666 5.45126 3.00373 1.71714 6.15668
615 1 0.0581302 -20.8444 0.360567 7.32489 5.70371 3.13105 1.72357 8.02898
616 1 0.0395241 -21.0444 0.370384 7.37156 4.37962 2.69846 1.79949 5.99968
617 1 0.0312225 -19.9764 0.366306 7.68546 4.19278 2.62822 1.93921 5.36049
618 1 0.0478996 -19.1115 0.354457 7.789 4.78673 3.40376 2.25002 6.03855
619 1 0.0290108 -19.0141 0.323828 4.93466 4.30278 3.65679 1.68167 6.06443
620 1 0.0456196 -17.8547 0.391417 6.2173 4.59368 4.07636 2.30205 4.7089
621 1 0.0329706 -22.2425 0.372802 7.14547 4.65604 2.83822 1.8699 6.56488
622 1 0.0617874 -15.0982 0.432617 6.92051 4.30528 2.98252 2.07126 4.75768
623 1 0.0529063 -17.0534 0.38256 6.25146 4.29509 3.44948 1.84997 5.47486
624 1 0.0604299 -17.036 0.417739 6.84564 4.66672 3.03496 2.00849 5.37556
625 1 0.0528233 -15.8909 0.418967 6.51037 4.07851 3.37096 2.01245 4.81348
626 1 0.063537 -16.9667 0.370286 5.39354 5.00584 3.14107 1.66945 5.58222
627 1 0.0614766 -17.318 0.403168 7.48589 4.50257 2.6892 1.87522 5.59776
628 1 0.0612934 -17.6418 0.399147 5.78481 4.92237 3.06575 1.74808 5.5299
629 1 0.0660641 -15.6748 0.440529 5.83615 5.34686 3.32248 2.14697 4.84231
630 1 0.0510988 -17.2423 0.403829 5.61653 4.56075 3.21631 1.80823 4.9423
631 1 0.0456988 -20.2621 0.382044 6.11576 4.48618 2.72194 1.58974 6.15093
632 1 0.0366532 -21.8795 0.38205 7.70509 4.4351 2.47301 1.58396 6.77344
633 1 0.051997 -20.6882 0.362033 7.19997 4.51281 2.79854 1.56593 7.25168
634 1 0.0511316 -18.5401 0.378945 5.94743 4.3529 2.82726 1.65005 5.24365
635 1 0.0519093 -16.8244 0.39894 6.58835 4.52767 3.02291 1.99287 4.67747
636 1 0.0615286 -15.3145 0.447296 6.42785 4.76869 3.29269 2.33301 4.14549
637 1 0.0571994 -16.4671 0.411496 6.58579 4.73484 3.1196 2.17102 4.6348
638 1 0.0522147 -16.875 0.411365 6.63455 3.99674 2.91729 1.87919 5.35932
639 1 0.0508711 -17.4055 0.371149 6.5 3.93076 3.26716 1.7397 5.61012
640 1 0.0458643 -17.6059 0.366019 5.48966 4.10131 3.42633 1.66524 5.31277
641 1 0.0616548 -19.8542 0.362333 6.87965 5.48238 2.97851 1.58293 7.44451
642 1 0.0641757 -14.5818 0.407239 7.45724 3.98514 2.89445 2.04381 4.30935
643 1 0.0675837 -17.6348 0.359896 7.65473 4.56388 2.65537 1.65417 5.62604
644 1 0.0602314 -16.2635 0.373225 6.47687 4.42407 3.08789 1.85354 4.41513
645 1 0.0543945 -16.5341 0.365583 6.07947 3.89381 2.98426 1.6481 4.26214
646 1 0.0498178 -16.2413 0.392583 7.09897 3.87955 3.3639 2.04474 4.43468
647 1 0.05924 -17.3808 0.389363 5.96881 4.66029 3.03752 1.73474 5.25518
648 1 0.0477612 -20.4109 0.371561 7.67439 4.62523 2.80309 1.71339 6.16594
649 1 0.0601535 -15.734 0.381918 6.63478 4.08679 3.69455 2.08679 4.28776
650 1 0.0517977 -18.2214 0.38802 5.87086 4.83427 3.19818 1.78176 5.44841
651 1 0.0546909 -16.9664 0.39007 5.79948 4.47264 3.33934 1.80592 5.11128
652 1 0.0473433 -17.8412 0.375945 6.64196 3.83319 3.8761 1.92007 5.0036
653 1 0.0420061 -18.0314 0.391768 6.91159 4.44919 3.20494 2.09108 5.14436
654 1 0.0295197 -22.2941 0.338915 6.43064 3.96047 2.61609 1.459 6.25355
655 1 0.0632886 -15.1088 0.397186 5.68784 4.3102 2.97964 1.75691 3.78804
656 1 0.0567838 -16.8653 0.381131 6.18003 4.20813 3.0076 1.755 4.26423
657 1 0.0584089 -17.5337 0.381446 7.12387 4.5723 2.7858 1.83983 5.05067
658 1 0.0532057 -18.0032 0.383343 7.26775 4.30928 2.71814 1.83063 5.30149
659 1 0.0482183 -20.8685 0.338792 6.45088 4.50276 2.5291 1.41436 6.01844
660 1 0.0579802 -16.58 0.377766 5.89961 4.52728 3.3125 1.87199 4.35938
661 1 0.0448967 -16.63 0.371985 6.02925 4.0661 3.45867 1.89932 4.60539
662 1 0.0589815 -20.1457 0.353123 6.44199 5.18678 2.67394 1.48043 6.62979
663 1 0.0601478 -17.0482 0.38214 6.05851 4.43533 3.15779 1.81176 4.77733
664 1 0.0575679 -18.9279 0.373514 6.77903 4.97046 2.84707 1.75835 5.62789
665 1 0.0567018 -17.2097 0.376728 6.12241 4.40348 2.98324 1.77587 4.74092
666 1 0.0591976 -18.6114 0.372798 7.34353 4.83017 2.9114 1.8414 6.10562
667 1 0.0645882 -19.5181 0.361904 8.22047 5.30461 3.02249 1.76975 7.08423
668 1 0.0549281 -16.4608 0.400487 5.31833 4.74337 3.66849 1.90298 4.5368
669 1 0.0520768 -18.084 0.378561 5.76655 4.63997 3.39584 1.83605 5.28368
670 1 0.0405834 -22.3325 0.360693 7.17965 4.47005 2.81348 1.60051 7.00089
671 1 0.0592851 -15.5127 0.429671 7.83299 3.74007 2.73182 1.97127 5.2053
672 1 0.0612835 -14.9572 0.402179 5.87368 4.27955 2.93332 1.81705 3.64817
673 1 0.057804 -16.6985 0.393611 7.12429 4.70346 2.88592 2.03543 4.84906
674 1 0.0645982 -15.0829 0.403607 6.37104 4.22014 3.31202 2.0741 4.25371
675 1 0.0554673 -15.2955 0.429779 7.36984 4.08158 3.59546 2.46433 4.8969
676 1 0.053206 -16.2869 0.39483 5.61258 4.53696 3.50908 1.91949 4.24886
677 1 0.0512057 -18.4648 0.372912 6.3953 4.77307 2.77407 1.75834 5.04288
678 1 0.0440771 -15.0232 0.431397 6.18604 4.24335 4.2033 2.4287 4.4793
679 1 0.0481947 -19.5137 0.382981 6.55846 4.66316 2.78797 1.77217 5.92732
680 1 0.0508895 -17.9079 0.394336 6.62875 4.73951 2.93817 1.99734 4.96894
681 1 0.0269412 -20.0028 0.357754 6.50196 3.45051 2.34419 1.47505 5.67638
682 1 0.0885476 -4.53119 1 8.55802 5.68998 3.26276 1.83842 6.88442
683 1 0.0434027 -18.9278 0.37668 7.45526 4.24731 2.76155 1.91473 5.23356
684 1 0.0459562 -20.1859 0.361188 7.03955 4.23021 2.53659 1.61421 6.87761
685 1 0.0590812 -15.2792 0.426158 5.53603 4.94771 3.93137 2.22424 4.29813
686 1 0.0459358 -17.2486 0.385156 5.01938 4.43807 3.8779 1.85426 5.11365
687 1 0.0364059 -19.5939 0.3885 6.88507 4.03148 3.21894 1.95877 5.58635
688 1 0.0557135 -16.6876 0.376133 6.91751 4.01114 3.3416 1.86815 5.12082
689 1 0.052644 -18.054 0.347605 6.28274 4.41951 3.22727 1.6704 5.82398
690 1 0.0559465 -18.0469 0.343613 7.51852 4.08627 2.68129 1.6184 5.06939
691 1 0.0552978 -18.2532 0.351628 6.13864 4.64108 3.11818 1.65189 5.53836
692 1 0.0451766 -18.0587 0.354115 5.62402 4.25944 3.57285 1.70926 5.42392
693 1 0.0576696 -16.9213 0.372845 6.24033 4.54612 4.01514 2.01469 5.2482
694 1 0.0504428 -17.8735 0.377559 7.04973 4.51113 3.95527 2.20905 5.0402
695 1 0.0679542 -16.165 0.383649 7.20061 4.51842 2.9618 1.94669 4.30994
696 1 0.0726391 -15.16 0.379563 6.66026 4.31979 3.21657 1.96503 4.01431
697 1 0.0529418 -15.3239 0.412981 7.47872 4.06266 3.31915 2.28195 3.96622
698 1 0.059299 -16.7554 0.384777 7.41934 4.05474 3.02576 1.91803 4.20924
699 1 0.0618335 -17.4981 0.370101 7.67315 4.26015 3.03636 1.88671 5.08287
700 1 0.0518669 -16.5485 0.347171 5.64951 4.22128 3.08762 1.65953 4.63538
701 1 0.0577213 -16.553 0.353711 6.08855 4.39431 3.00702 1.72132 4.45758
702 1 0.0643856 -15.2144 0.383484 6.02632 4.38955 3.46837 1.97179 3.93363
703 1 0.0637308 -14.0304 0.420345 6.52582 4.20971 3.90361 2.36878 3.4257
704 1 0.0539321 -16.0186 0.389483 6.73601 4.30677 3.47415 2.16189 4.03479
705 1 0.0648375 -14.6349 0.405175 6.616 4.38346 3.66107 2.32533 3.59171
706 1 0.0588499 -16.4514 0.376196 7.04922 4.56563 3.1196 2.05387 4.41224
707 1 0.0526629 -15.8838 0.386265 7.08437 3.95204 3.51807 2.14383 3.98134
708 1 0.050624 -19.8005 0.370282 6.61386 4.44827 2.95667 1.64844 5.78352
709 1 0.0512727 -16.7431 0.373345 5.9842 4.13362 3.54545 1.86785 4.33852
710 1 0.0375278 -18.5173 0.370088 6.92712 4.17081 3.37118 2.02528 4.87019
711 1 0.0478202 -17.9952 0.369937 6.89404 4.11562 3.00999 1.84639 4.85191
712 1 0.0581764 -18.3935 0.364122 7.14425 4.72163 3.00444 1.83962 5.67305
713 1 0.0436412 -20.5104 0.338229 5.53436 4.57802 2.96883 1.48728 6.2575
714 1 0.0399241 -19.1729 0.357264 5.74774 4.40578 3.35423 1.74492 5.21319
715 1 0.0505891 -18.8657 0.38317 5.86435 4.73627 3.54861 1.84933 5.42382
716 1 0.0372403 -21.0541 0.326271 6.18226 4.26494 3.19773 1.57754 5.72236
717 1 0.0493224 -18.7102 0.370964 6.27562 4.61681 3.39632 1.89469 5.44193
718 1 0.072274 -13.0283 0.413064 6.42901 3.94213 3.38505 2.14358 2.92586
719 1 0.0570515 -16.1935 0.409972 7.51673 4.43498 3.07618 2.23717 4.03083
720 1 0.0604536 -16.1569 0.377099 6.31393 4.09753 2.96677 1.80622 4.11927
721 1 0.063438 -13.9386 0.386467 6.52549 3.99177 3.40957 2.13281 3.38035
722 1 0.0588272 -17.8609 0.370473 7.75253 4.18663 2.81583 1.82302 4.99005
723 1 0.06537 -16.8371 0.377426 7.62154 4.29065 3.11427 1.99834 5.08348
724 1 0.0562543 -14.9599 0.430717 6.16186 4.30778 3.56406 2.15835 3.49624
725 1 0.050923 -15.7163 0.389152 5.87986 4.23356 3.37277 1.94662 4.06589
726 1 0.0605489 -15.188 0.413452 6.50982 4.23475 3.51474 2.17248 3.52214
727 1 0.0503974 -17.4518 0.379577 6.35127 4.07453 3.11478 1.81491 4.39014
728 1 0.0668123 -15.9302 0.359579 6.86577 4.38292 3.32163 1.98896 4.20754
729 1 0.0896732 -6.37697 1 12.258 8.0397 5.02945 3.24292 4.90847
730 1 0.0543073 -18.5947 0.385894 7.04076 4.0406 2.95609 1.7757 5.22134
731 1 0.0493159 -18.5567 0.361359 6.92395 3.39561 2.92376 1.59252 5.1811
732 1 0.0633045 -16.7169 0.378377 6.87768 4.14826 3.14925 1.90427 4.76102
733 1 0.0501149 -19.2727 0.349327 7.14382 4.15203 2.57724 1.61422 5.3177
734 1 0.053931 -18.9329 0.370838 6.4879 5.09171 3.03099 1.80642 5.40498
735 1 0.0458002 -19.9202 0.34457 5.79804 4.43891 2.7871 1.52035 5.4976
736 1 0.0480208 -20.4239 0.359022 7.06159 4.66081 2.85894 1.68439 5.78662
737 1 0.0335333 -20.3466 0.342896 6.36987 4.00218 2.7182 1.59875 5.0153
738 1 0.0516673 -18.3781 0.365488 7.09864 4.80725 3.2824 2.04784 4.7599
739 1 0.0503135 -19.6708 0.360662 6.25515 4.52143 2.82655 1.6226 5.69435
740 1 0.0425449 -18.5995 0.351833 6.13089 3.97662 3.36757 1.7586 4.86448
741 1 0.0441202 -19.3245 0.378757 6.96721 4.33134 3.17021 1.94449 5.11244
742 1 0.0414704 -22.0921 0.350802 7.93068 4.3812 2.61553 1.5855 6.44917
743 1 0.0330459 -18.9033 0.348217 6.21186 3.72268 2.96572 1.69494 4.76049
744 1 0.048203 -22.1167 0.350316 6.18373 5.2066 2.98011 1.47809 7.46345
745 1 0.0248852 -22.0776 0.342145 5.79175 3.86528 2.83068 1.53385 5.9542
746 1 0.052687 -20.1619 0.356125 6.47428 5.21158 3.10799 1.70067 6.41024
747 1 0.0487232 -20.0855 0.364051 5.42095 5.15943 2.99399 1.63156 6.43716
748 1 0.0306727 -20.3357 0.363168 6.72076 3.99531 3.324 1.91681 5.40723
749 1 0.0323344 -22.2504 0.329934 6.24742 3.90205 3.10242 1.54489 6.7615
750 1 0.0525404 -16.2358 0.391829 6.64202 4.21924 2.92537 1.94712 4.34191
751 1 0.05593 -16.8777 0.372275 7.25328 4.2031 2.82915 1.9259 4.94132
752 1 0.0601012 -17.2236 0.357554 5.87502 4.73017 2.99795 1.73591 4.49434
753 1 0.0495036 -17.9633 0.39329 6.89509 4.28447 3.09829 1.98674 4.95711
754 1 0.0542253 -16.3807 0.386512 6.81721 4.30393 3.09643 2.07501 3.93716
755 1 0.0586486 -16.7256 0.410786 7.01232 4.41959 3.27376 2.21011 4.41504
756 1 0.0826845 -6.19316 1 12.433 8.24749 5.09579 3.42572 4.52
757 1 0.0379704 -19.515 0.358637 7.37205 3.46731 2.92318 1.73785 5.65821
758 1 0.0396393 -18.1987 0.358914 5.46648 3.97185 3.3885 1.69138 4.91369
759 1 0.0458028 -19.0234 0.371383 5.88117 4.2787 3.0254 1.69052 5.23779
760 1 0.0430387 -17.2241 0.387082 5.92334 4.46096 3.81486 2.15117 4.94448
761 1 0.0472275 -18.7952 0.366055 6.6724 4.17942 3.4695 1.89777 5.2604
762 1 0.0436958 -20.8985 0.358146 6.61268 4.47509 2.88887 1.66761 6.36877
763 1 0.051857 -17.1251 0.407769 6.77632 4.41411 3.22224 2.17148 4.29704
764 1 0.0373477 -21.1393 0.365786 7.05972 3.75297 3.01422 1.7126 6.54779
765 1 0.029973 -17.5724 0.399254 6.54639 4.53161 3.80221 2.51993 5.38013
766 1 0.0536449 -18.2035 0.385343 5.72267 4.87317 3.37355 1.89551 5.43641
767 1 0.0851407 -6.28846 1 9.97794 6.8224 4.99681 2.49864 7.15435
768 1 0.0863625 -5.47592 1 8.62695 7.00878 4.98603 2.4394 6.13821
769 1 0.0559848 -17.487 0.363877 6.24276 4.70773 3.86418 1.93381 6.05249
770 1 0.0550927 -14.8253 0.405688 6.12616 4.15173 4.1501 2.1793 3.97863
771 1 0.0627914 -18.2608 0.369177 8.04218 4.77787 3.09226 1.87949 5.7913
772 1 0.0517088 -19.229 0.349233 7.31123 4.52444 3.05701 1.74569 5.47199
773 1 0.0519371 -19.1643 0.348688 6.94936 4.62638 3.47523 1.79133 5.55934
774 1 0.0417584 -18.6556 0.36055 6.42449 4.46427 4.14549 2.13042 5.03282
775 1 0.07093 -16.3553 0.369188 7.02197 4.09473 2.79363 1.68999 4.50574
776 1 0.0512387 -17.0735 0.35523 6.66112 4.15936 3.7208 2.01838 4.20135
777 1 0.0858436 -5.81444 1 11.7825 8.05569 5.58454 3.31247 4.33252
778 1 0.0557161 -15.595 0.390862 6.82463 4.12265 3.7366 2.24743 3.63558
779 1 0.0542656 -18.255 0.362832 5.84377 4.49465 3.38034 1.70377 5.32675
780 1 0.0499539 -20.4757 0.357425 6.78171 4.92192 3.14334 1.7031 6.12718
781 1 0.0584264 -16.0672 0.397363 6.6444 4.41487 4.20407 2.40067 3.89178
782 1 0.0491203 -17.6752 0.369346 7.04524 4.40192 3.99291 2.30223 4.34909
783 1 0.0441749 -19.3034 0.343691 7.71828 4.63949 3.64661 2.16554 4.98444
784 1 0.0569688 -15.4947 0.401954 5.4615 4.90642 4.61174 2.24279 4.83555
785 1 0.0537352 -18.0307 0.345441 5.18755 4.88023 3.45647 1.63389 5.83635
786 1 0.0609417 -18.9614 0.367707 6.65988 5.7936 3.42482 1.93726 5.91548
787 1 0.0200203 -25 0.311839 6.48726 4.17473 2.9693 1.39325 7.20924
788 1 0.0429271 -21.8089 0.357514 7.39678 5.00874 3.64809 1.87273 6.57721
789 1 0.0450263 -20.8117 0.353744 7.04718 4.70283 3.40358 1.81093 6.21228
790 1 0.0923977 -4.92741 1 8.7 7.20115 4.77522 2.43643 5.75115
791 1 0.0355633 -18.779 0.338294 6.37284 4.16574 4.19929 2.08616 4.85876
792 1 0.0513464 -18.7583 0.352823 7.83644 3.62503 2.53721 1.58873 5.26539
793 1 0.0461434 -16.7395 0.359888 6.78846 3.83515 3.15763 1.8953 4.18537
794 1 0.0626394 -15.1313 0.390768 6.03151 4.57357 3.95559 2.22223 3.50673
795 1 0.0493403 -17.2952 0.385024 6.31983 4.31995 3.5809 2.02731 4.12496
796 1 0.0513348 -17.7604 0.366142 6.71666 4.56714 3.0749 1.95656 4.37974
797 1 0.055894 -18.3159 0.37151 8.08688 4.81514 3.30511 2.24286 4.77296
798 1 0.061985 -17.5975 0.361861 7.1835 4.33934 3.45625 1.96915 5.06924
799 1 0.0519009 -18.226 0.358671 6.94471 4.14847 3.33801 1.90844 4.95603
800 1 0.0502304 -18.9215 0.339386 5.29231 4.66796 3.25652 1.5811 5.3491
801 1 0.0445316 -23.7629 0.333959 7.31814 5.39445 2.74669 1.42984 7.91842
802 1 0.0590418 -19.0288 0.351298 6.05632 4.9913 3.3672 1.67718 5.88748
803 1 0.050311 -21.0622 0.340467 6.04184 4.7559 2.96087 1.46861 6.94459
804 1 0.0516456 -20.3161 0.365351 6.87948 4.8744 2.96273 1.70751 6.04667
805 1 0.0376776 -21.7511 0.343042 6.62527 4.04203 2.99689 1.56219 6.18068
806 1 0.0896531 -5.2502 1 9.02198 7.72618 4.81693 2.55588 4.7364
807 1 0.0533702 -20.1944 0.351501 7.20513 5.06002 3.18897 1.76483 6.05424
808 1 0.0499772 -17.0481 0.38826 5.87869 4.44508 3.87041 2.09643 4.34815
809 1 0.0403215 -19.4243 0.368988 6.60464 3.953 3.6388 1.93228 5.37567
810 1 0.0961172 -5.1335 1 9.30068 7.5229 4.75625 2.73156 5.60249
811 1 0.0314451 -21.0115 0.359774 7.12463 4.28301 3.00153 1.86904 5.34636
812 1 0.045808 -19.229 0.361509 6.65724 4.37614 3.71993 2.01441 5.60434
813 1 0.0376478 -21.4722 0.342725 7.51823 4.20172 3.13967 1.75413 6.42931
814 1 0.0451945 -16.3787 0.411588 5.65049 4.83826 4.31477 2.3133 4.72335
815 1 0.024322 -22.1679 0.305873 5.18502 3.93522 3.33286 1.48233 6.44901
816 1 0.0351187 -18.7691 0.365965 5.61052 4.36963 3.94107 1.95955 4.88708
817 1 0.0458402 -17.7008 0.370114 5.53812 5.0169 3.88998 2.09207 4.55174
818 1 0.041251 -19.3863 0.353622 5.47202 4.19594 3.93618 1.75345 5.68119
819 1 0.0505495 -19.3163 0.362741 5.99828 4.63424 3.43167 1.79088 6.24829
820 1 0.05028 -12.2538 0.753729 15 8.47239 6.33305 5.2902 7.0503
821 1 0.0498188 -14.576 0.569653 11.0613 6.28292 4.65514 2.86096 4.96548
822 1 0.0639504 -16.7147 0.386897 6.57135 4.93401 3.09377 2.06721 4.35529
823 1 0.0483685 -18.1351 0.349033 6.66866 3.95603 2.92356 1.71357 4.68337
824 1 0.0652604 -16.9531 0.37925 7.5172 4.88872 2.96411 2.1249 4.4085
825 1 0.0336914 -20.4427 0.328648 6.90931 3.40885 2.40714 1.46771 5.39405
826 1 0.0505843 -16.4313 0.385852 6.61366 4.03477 3.52052 2.12433 5.23374
827 1 0.0533328 -16.4419 0.394361 6.1493 4.70297 3.62893 2.19773 4.0977
828 1 0.0494524 -19.5329 0.368909 6.92938 4.58812 3.19072 1.90216 6.19181
829 1 0.0412268 -20.3546 0.350643 6.75423 3.99983 2.90683 1.65742 6.01364
830 1 0.0502322 -16.8084 0.39429 7.26458 4.6822 3.3326 2.48595 4.27076
831 1 0.0563775 -19.2044 0.355086 7.9329 5.13367 3.18154 2.02541 6.0554
832 1 0.0749107 -6.04195 1 12.6868 8.00612 5.81293 3.67589 5.47356
833 1 0.0596126 -17.3049 0.394565 5.62852 5.29683 3.58755 1.972 4.93081
834 1 0.0577066 -16.702 0.387746 5.61149 5.18573 3.84317 2.13957 4.41591
835 1 0.0486778 -18.744 0.378444 6.44859 4.6264 3.66652 2.08317 5.25524
836 1 0.0431825 -21.007 0.338036 6.51069 4.5965 3.17154 1.68279 6.77436
837 1 0.0396881 -20.3192 0.363283 7.01025 4.45838 3.20479 1.98473 6.18598
838 1 0.0408776 -19.9469 0.379685 6.11604 5.1579 3.47086 2.04206 5.49943
839 1 0.0458297 -18.9089 0.368829 6.5719 5.35139 3.82044 2.32889 4.99178
840 1 0.0373577 -17.1976 0.410773 6.02711 4.95216 5.05737 2.96098 5.00841
841 1 0.0259918 -22.042 0.367654 6.50671 4.22156 2.85088 1.81962 6.09499
842 1 0.0870797 -4.65271 1 8.50159 6.67421 4.91185 2.50908 7.43851
843 1 0.0538884 -16.6157 0.433033 6.81149 4.52972 2.69637 1.84035 6.25008
844 1 0.0488925 -17.4192 0.37289 5.83305 4.04498 3.1754 1.66911 5.75571
845 1 0.0531759 -18.0559 0.378111 5.47427 4.57033 3.03065 1.60647 5.51075
846 1 0.0555181 -18.9862 0.424097 8.0017 4.30315 2.50158 1.76994 6.14173
847 1 0.0400656 -18.713 0.413299 5.98542 3.91216 2.87449 1.67448 5.63885
848 1 0.0523051 -19.1036 0.374829 6.62774 4.00518 2.77457 1.53684 6.53213
849 1 0.0603746 -15.7768 0.406862 6.16972 4.28066 3.34655 1.95636 4.30979
850 1 0.0582765 -19.7474 0.386759 7.27984 4.5829 2.79337 1.66576 6.6699
851 1 0.0538401 -18.2426 0.371429 5.42599 4.46171 3.19515 1.61729 5.6967
852 1 0.0344025 -21.1134 0.356037 7.2307 3.96373 2.78744 1.62169 6.17012
853 1 0.0597354 -14.7888 0.423215 5.95546 4.10003 3.06334 1.86188 3.93926
854 1 0.060655 -16.3844 0.404329 5.80776 4.72179 2.96885 1.83501 4.57319
855 1 0.0547398 -18.61 0.392808 6.49276 4.32951 2.5832 1.65005 5.79668
856 1 0.0553831 -18.2119 0.400671 7.25464 4.21607 2.69497 1.82032 6.39527
857 1 0.0436166 -21.5137 0.370334 6.7474 4.1948 2.40722 1.45627 6.66782
858 1 0.0509628 -17.5339 0.427703 7.42599 4.69459 2.85917 2.1932 5.32403
859 1 0.0469646 -18.8326 0.369847 4.95465 4.49608 2.98291 1.52829 5.60993
860 1 0.0472117 -17.4354 0.372648 5.36905 4.11974 3.83332 1.78274 5.33167
861 1 0.0638622 -16.8113 0.379266 5.82863 4.9646 3.56902 1.75724 7.52183
862 1 0.0625765 -15.776 0.393529 6.33403 4.3281 3.46929 2.00831 4.38582
863 1 0.0575103 -17.3306 0.394285 6.7624 4.16141 3.14373 1.86804 4.90814
864 1 0.0470654 -17.3046 0.390139 6.6282 4.34273 3.64554 2.11417 4.99192
865 1 0.043651 -18.9193 0.369988 6.93672 3.88994 3.202 1.78503 5.36845
866 1 0.0563961 -19.8715 0.36213 6.72999 4.97412 3.14635 1.68613 7.21283
867 1 0.0651667 -16.1086 0.425002 8.45269 4.43059 2.91814 2.29744 4.60776
868 1 0.0607636 -15.175 0.399903 6.87328 4.39718 3.25672 2.17282 4.37823
869 1 0.0689612 -17.674 0.361523 7.92834 4.15122 2.85416 1.7072 5.83983
870 1 0.0564292 -17.2899 0.380567 6.49116 4.46489 3.19681 1.87482 4.66833
871 1 0.0581389 -17.8143 0.401071 6.65433 4.08838 2.98957 1.79182 5.21752
872 1 0.0522498 -20.0717 0.375554 7.30666 4.32272 2.60568 1.62253 6.11345
873 1 0.0654033 -18.2222 0.388059 7.33833 4.98786 2.85919 1.88488 5.8747
874 1 0.0500167 -15.3167 0.413547 5.80648 4.52412 4.10315 2.2419 4.5701
875 1 0.0508774 -20.2663 0.369279 6.4883 4.25921 2.90781 1.56765 6.15276
876 1 0.0436683 -19.6569 0.381207 6.30178 4.24342 2.90026 1.68501 5.46119
877 1 0.0542527 -18.7026 0.377827 6.29997 4.59463 3.08667 1.75119 5.41211
878 1 0.0417444 -20.1423 0.366411 6.37368 4.19578 2.79267 1.60665 5.5428
879 1 0.0530297 -17.8615 0.397165 7.60164 5.10526 3.12887 2.35674 5.30152
880 1 0.0572992 -19.2885 0.360669 6.94256 4.65722 2.70855 1.63744 6.55915
881 1 0.0417398 -18.6537 0.360585 5.18962 4.54228 3.44527 1.65213 5.52566
882 1 0.0556439 -16.302 0.424749 5.33089 4.68685 4.15084 2.10319 4.90062
883 1 0.0563238 -17.1932 0.39242 5.69817 4.75807 3.83831 2.01411 5.12565
884 1 0.0669473 -15.4886 0.410187 7.92651 4.05814 3.13526 2.27062 4.99191
885 1 0.0610866 -16.5284 0.388902 6.77212 4.06574 3.05177 1.89368 4.66492
886 1 0.0552707 -17.15 0.428738 8.86505 4.40983 2.71666 2.25498 6.58304
887 1 0.0562697 -16.3799 0.388642 6.35295 4.26506 3.24637 1.98762 4.91173
888 1 0.0443527 -17.9985 0.379981 5.37676 4.63966 3.25321 1.76315 5.04499
889 1 0.0561879 -18.1554 0.406048 7.83794 5.06313 3.2732 2.41675 5.4882
890 1 0.0427571 -19.9524 0.410234 8.38368 4.62338 2.84426 2.14067 6.02738
891 1 0.0542668 -19.0737 0.37154 5.35799 5.39746 3.30941 1.70881 6.05398
892 1 0.0467542 -19.6627 0.372649 5.41737 4.58284 3.29476 1.65396 5.95677
893 1 0.0321428 -21.6063 0.35651 5.19831 4.12502 2.74949 1.46895 6.3199
894 1 0.0448504 -22.2447 0.371571 6.27758 4.9984 2.9701 1.60833 7.76334
895 1 0.0718095 -15.825 0.381197 7.09865 4.19885 3.44402 1.81503 7.37362
896 1 0.0709102 -16.7812 0.363367 5.89314 4.97014 3.59768 1.65209 8.06555
897 1 0.0751233 -14.3745 0.422142 6.23075 4.76434 3.98223 2.24186 5.89388
898 1 0.0672091 -16.245 0.389645 6.96738 4.36629 3.40315 1.99933 4.48246
899 1 0.0589575 -15.2472 0.412102 8.12934 4.2461 3.51565 2.54865 4.70463
900 1 0.0565768 -16.8215 0.380995 5.9625 4.69697 3.53798 1.90782 5.4438
901 1 0.0579517 -16.0904 0.377469 5.75673 4.36133 3.86165 1.88481 5.20322
902 1 0.0580789 -20.1336 0.352217 7.09918 5.03754 3.60284 1.66161 7.63206
903 1 0.0726289 -16.7458 0.378421 6.28653 5.21929 3.7252 1.95267 6.93845
904 1 0.0643726 -15.8808 0.375192 6.14686 4.11743 3.59634 1.84124 4.3742
905 1 0.0485958 -19.0339 0.350315 7.17097 4.11651 3.15338 1.76583 5.14276
906 1 0.0547399 -16.4139 0.389648 5.50664 4.56637 3.48707 1.83513 5.0466
907 1 0.0508639 -18.3861 0.352462 6.32669 4.39432 3.34603 1.77788 5.24556
908 1 0.0450905 -20.0029 0.354476 6.80001 4.29256 3.30135 1.75618 5.87035
909 1 0.0377566 -19.2215 0.364523 6.77812 4.17552 3.28294 1.91629 5.20794
910 1 0.0692733 -16.0434 0.416158 5.3306 5.88245 3.79705 1.98741 5.96434
911 1 0.0442035 -18.8594 0.354439 5.11796 4.48962 3.76218 1.65152 5.56149
912 1 0.0401007 -19.7774 0.371066 5.53004 4.42356 3.39166 1.69039 6.09504
913 1 0.0383445 -20.4304 0.357083 6.08319 4.36466 3.3023 1.69829 5.74117
914 1 0.0423798 -20.4138 0.370402 6.80123 4.81071 3.33863 1.90475 5.90677
915 1 0.0880394 -15.9764 0.350646 9.19178 4.3902 3.0059 1.86112 6.28503
916 1 0.0649224 -15.8155 0.379033 6.62764 4.61115 3.30826 2.09039 4.00122
917 1 0.0638273 -15.2113 0.392352 6.71535 4.46282 3.37626 2.18643 3.84611
918 1 0.0670241 -16.2896 0.385842 6.76924 4.02172 3.12851 1.87306 4.4851
919 1 0.0585012 -16.8988 0.366487 5.76374 4.5498 3.29375 1.77411 4.49309
920 1 0.0575045 -16.6838 0.425298 6.59617 4.53752 3.44344 2.13735 4.0241
921 1 0.0560336 -19.8244 0.355223 6.62075 4.77518 2.87153 1.58305 5.81019
922 1 0.0616475 -16.7196 0.393404 5.90947 4.96272 3.79882 2.0405 4.60757
923 1 0.0543058 -17.3998 0.373183 5.59349 4.70966 3.46201 1.80766 5.10771
924 1 0.0516879 -15.2905 0.443067 6.31994 4.92333 4.38433 2.83932 4.14204
925 1 0.0553861 -19.881 0.378624 6.36384 4.42139 3.02204 1.60321 6.5483
926 1 0.0517027 -18.902 0.365713 7.26988 4.59262 3.55725 2.04761 5.4682
927 1 0.0539973 -17.1206 0.382093 4.71465 5.30754 4.18622 1.82044 5.42473
928 1 0.0493998 -17.3853 0.397339 5.29812 4.98778 3.99497 1.94732 5.38836
929 1 0.0455757 -20.1604 0.366738 5.62257 4.97326 3.32277 1.6686 5.89861
930 1 0.0539841 -16.58 0.392485 5.38082 4.86818 4.27962 2.09809 4.86948
931 1 0.0500789 -18.0295 0.399948 5.82728 4.87512 3.72809 2.05782 5.06141
932 1 0.0664576 -17.5818 0.38088 6.08676 5.58218 3.59412 1.99784 5.7046
933 1 0.0385932 -19.438 0.392312 6.46627 4.84192 3.78258 2.25966 5.34405
934 1 0.0484258 -19.0651 0.388281 5.7472 5.14038 3.81101 2.03419 5.62047
935 1 0.0530252 -15.9625 0.442117 7.49624 4.2139 3.48761 2.59432 4.7202
936 1 0.0558601 -15.8851 0.40546 7.14616 3.79869 3.56421 2.17186 5.18106
937 1 0.0579154 -14.3706 0.430855 7.01569 4.11052 3.93645 2.67016 4.80913
938 1 0.0842696 -4.57213 1 9.10888 5.8551 3.37989 1.93832 6.74655
939 1 0.0550458 -21.8673 0.367428 9.33049 5.40583 2.61841 1.69135 7.96166
940 1 0.0381496 -16.9702 0.405924 6.09402 4.53534 3.79142 2.27444 5.25234
941 1 0.047552 -19.7482 0.368822 6.16388 4.77001 3.65105 1.88025 6.06514
942 1 0.0395853 -20.8753 0.347381 5.88583 4.25044 3.04392 1.57626 6.10633
943 1 0.0437161 -19.7169 0.358622 5.42463 4.17758 3.27785 1.59861 5.87123
944 1 0.0445627 -18.7597 0.378371 7.01048 4.68353 3.51124 2.22505 5.3126
945 1 0.0511345 -20.1091 0.360684 6.44695 4.77548 3.34444 1.77248 6.60307
946 1 0.0470817 -19.6727 0.401036 6.72542 4.76252 3.0303 2.01312 5.81309
947 1 0.0444101 -18.5747 0.377146 6.89846 4.4792 3.79584 2.31843 6.0102
948 1 0.0455002 -19.8739 0.356579 5.78248 5.10541 3.56245 1.7871 6.07416
949 1 0.0347502 -23.2905 0.345775 5.28423 4.81293 2.84025 1.41892 7.53039
950 1 0.0560211 -18.1096 0.383535 5.5969 5.81849 3.65184 2.03741 5.11647
951 1 0.047025 -19.2509 0.337586 5.28888 4.91361 3.92845 1.71872 6.06472
952 1 0.0416581 -20.9247 0.380104 5.43439 5.18185 3.18692 1.71387 6.44969
953 1 0.0503798 -20.7951 0.386521 5.13482 5.45646 3.45987 1.70419 7.53859
954 1 0.0938077 -5.0667 1 7.78454 8.05802 4.82531 2.29719 5.04737
955 1 0.0362379 -19.8647 0.409245 6.12476 4.38359 3.62209 2.10467 5.99666
956 1 0.0504214 -16.7868 0.365083 6.2662 4.35351 3.85483 1.98482 5.48474
957 1 0.0578316 -17.437 0.357366 5.83504 4.43283 3.3775 1.67086 5.21198
958 1 0.086045 -16.1109 0.3516 7.39563 4.65258 3.44288 1.80629 6.52108
959 1 0.0419576 -17.9287 0.350229 7.23793 4.27469 4.78517 2.4991 5.4137
960 1 0.059337 -15.6689 0.418264 5.82696 4.82762 5.03863 2.38464 5.26979
961 1 0.0560295 -19.4785 0.355573 6.00763 5.09911 3.76765 1.66443 7.09491
962 1 0.0623718 -16.9077 0.37861 8.05984 4.17178 3.21656 2.03558 4.5026
963 1 0.0608721 -15.5958 0.368119 6.02079 4.31992 3.48636 1.89435 4.14221
964 1 0.0658554 -17.3272 0.36808 7.08019 4.66092 3.41621 1.96693 4.66931
965 1 0.0599415 -17.0146 0.376551 6.47065 5.19669 4.01431 2.29185 4.67501
966 1 0.0541994 -18.086 0.359739 6.16497 4.65827 3.59937 1.87026 5.35132
967 1 0.049117 -21.0866 0.339857 6.26969 4.55045 3.29956 1.52184 6.97517
968 1 0.042563 -20.0848 0.367191 6.86654 4.35255 3.35989 1.86893 5.47198
969 1 0.0407894 -23.0611 0.353502 7.63708 4.77394 3.08367 1.61513 7.37584
970 1 0.0418498 -23.3719 0.352792 7.93602 5.01751 3.06565 1.60932 7.77845
971 1 0.0676841 -18.5121 0.383828 5.67263 6.18997 3.53377 1.76413 6.87513
972 1 0.0489289 -19.2802 0.353002 6.42215 4.42223 4.83359 2.00148 6.19902
973 1 0.0567016 -15.9868 0.375979 7.42082 4.1147 3.40959 2.14616 4.37144
974 1 0.0606243 -18.0172 0.386848 7.73367 4.15265 2.86291 1.85399 4.99253
975 1 0.0510471 -16.7644 0.370998 5.57795 4.51665 3.47932 1.83992 4.4464
976 1 0.0537181 -18.5541 0.344563 6.04006 4.65804 3.45715 1.7257 5.04028
977 1 0.0427367 -18.1116 0.372616 6.45014 4.28847 3.51959 2.01699 4.80133
978 1 0.0463731 -20.2097 0.350182 7.13509 4.28914 3.20299 1.73117 5.52513
979 1 0.0505606 -16.7835 0.385047 5.6826 4.76888 3.99616 2.08885 4.81099
980 1 0.0493883 -15.3755 0.422228 6.26725 5.0517 4.73494 2.94152 5.1236
981 1 0.0515918 -18.2392 0.366422 6.25962 5.03667 3.92914 2.12923 4.89024
982 1 0.0431769 -17.4524 0.390951 5.79697 4.57413 3.78332 2.08853 4.78241
983 1 0.0385511 -18.0325 0.369243 6.87096 4.32139 4.71903 2.56742 4.89836
984 1 0.0292908 -23.6506 0.323545 5.59959 4.43258 3.54318 1.49481 7.62613
985 1 0.0371021 -22.9844 0.337512 6.82984 5.23708 3.24519 1.66402 7.08674
986 1 0.0268679 -23.9966 0.331256 6.21206 4.16725 3.88259 1.58526 8.01435
987 1 0.0388376 -17.7243 0.40339 6.54807 4.53248 4.35745 2.63082 4.51511
988 1 0.0541958 -17.6566 0.384319 6.3205 4.81045 3.62569 2.08314 4.57941
989 1 0.0492141 -17.2422 0.397196 6.39835 4.32914 4.02705 2.28137 4.93287
990 1 0.0605499 -19.1953 0.366206 7.94359 5.50486 3.42214 2.12642 6.48346
991 1 0.0560934 -18.9985 0.386201 8.22304 5.33261 3.27202 2.4395 5.67497
992 1 0.0372615 -22.5498 0.349658 6.51342 4.74295 2.93138 1.59997 6.69015
993 1 0.0518704 -19.7756 0.354967 6.26479 5.08717 3.70583 1.84173 6.17417
994 1 0.0350456 -19.8994 0.342085 5.67609 4.17606 3.35527 1.71075 5.71273
995 1 0.0471058 -18.9921 0.345806 6.13384 4.93949 3.35167 1.87252 5.91257
996 1 0.0354811 -21.9327 0.346117 5.95986 4.49502 3.4932 1.66266 7.25513
997 1 0.0443017 -21.293 0.349105 6.88764 4.86683 3.12512 1.72823 6.50795
998 1 0.0514274 -18.2964 0.362923 6.52624 5.15673 4.52158 2.45573 5.92213
999 1 0.047378 -17.7203 0.381829 5.45993 5.27961 4.59085 2.26359 5.24715
1000 1 0.0436844 -20.2723 0.360279 6.32911 4.89931 4.82868 2.14561 6.57901
