Ctip Ctail W RMSD
1 4.58897 0.132735 -18.856 1.81533
2 1.88841 0.104189 -20.4408 2.5227
3 4.78398 0.120206 -20.7742 3.04637
4 2.5403 0.101058 -20.0085 3.15462
5 1.45597 0.0908571 -20.3556 1.39815
6 1.68498 0.0716827 -21.9472 2.92966
7 1.72653 0.0876136 -21.0267 2.60536
8 1.65712 0.106272 -19.3941 1.92764
9 2.07509 0.112413 -19.353 3.25749
10 1.69822 0.106742 -21.3368 4.64153
11 2.16042 0.0997922 -19.7591 2.23287
12 1.66952 0.0900417 -21.8516 2.13011
13 5.45583 0.138739 -18.0524 3.45895
14 1.33735 0.0832296 -20.3988 3.10976
15 2.04629 0.0954723 -21.2144 2.10173
16 1.32902 0.0858533 -20.9946 2.44024
17 1.65379 0.0784245 -21.9404 3.35622
18 1.60932 0.095604 -21.5775 3.635
19 10 0.135832 -22.7351 4.05891
20 9.19848 0.140898 -20.9332 3.01824
21 2.18486 0.093442 -21.7754 1.26065
22 4.81235 0.11934 -18.9845 1.20212
23 4.37457 0.119671 -19.9056 2.44163
24 6.87656 0.130937 -20.0051 2.66329
25 4.78484 0.12394 -19.4103 1.55981
26 2.16716 0.0969502 -24.175 2.00841
27 5.78664 0.124437 -22.8558 3.36411
28 10 0.147708 -21.4224 2.56892
29 4.70215 0.115496 -22.2918 3.15344
30 1.91987 0.0812181 -23.7562 2.90793
31 4.96518 0.134713 -19.7543 1.72327
32 5.54828 0.137766 -18.7269 3.43763
33 2.00434 0.110957 -21.3269 3.20727
34 1.80728 0.0861919 -21.087 1.7603
35 6.44543 0.142097 -19.4631 3.56414
36 1.68945 0.0978267 -21.9705 3.45723
37 6.53413 0.14829 -19.7112 3.3343
38 4.59776 0.122044 -19.4466 2.01898
39 2.02829 0.0884568 -23.6825 1.56116
40 1.78384 0.0792522 -22.6994 1.59475
41 2.33552 0.111291 -21.3642 1.16162
42 2.10597 0.118522 -20.8456 2.51655
43 1.61266 0.0784621 -22.7071 2.27582
44 1.53557 0.0795422 -22.662 4.41555
45 2.24219 0.0972485 -20.9535 1.21192
46 2.04563 0.101554 -22.3744 3.30727
47 1.78449 0.0892016 -22.5948 1.93894
48 1.95636 0.0840569 -22.7265 2.50649
49 9.27802 0.148095 -22.0457 2.28715
50 1.79669 0.0977652 -23.1992 3.12804
51 6.70611 0.14757 -18.3009 3.45123
52 7.45582 0.132491 -20.4223 2.53028
53 10 0.146192 -21.1019 3.07215
54 1.83018 0.0731814 -22.4517 2.60851
55 1.23926 0.0742449 -21.6607 1.7458
56 6.61708 0.145979 -20.0604 5.07641
57 4.26435 0.129702 -19.4123 2.24596
58 1.46596 0.101624 -21.519 3.56661
59 1.32583 0.0712989 -20.2152 3.07792
60 1.45724 0.0840047 -19.3977 2.17764
61 1.37381 0.0682152 -22.2299 2.37159
62 2.59505 0.0975634 -24.0726 2.30894
63 7.89674 0.132703 -23.6773 3.00541
64 2.01708 0.0930125 -25.531 1.73558
65 10 0.145156 -23.6034 3.62203
66 2.14669 0.113957 -23.1589 3.04552
67 1.88099 0.0856515 -24.1531 2.70795
68 5.74637 0.127707 -21.3131 2.86869
69 10 0.158452 -22.3654 4.65095
70 1.75931 0.0966617 -22.479 3.11539
71 9.12095 0.143024 -22.3933 3.07563
72 2.16676 0.104778 -23.6281 3.35101
73 1.90914 0.091306 -22.4203 1.86999
74 1.69289 0.0897027 -22.6944 1.60688
75 1.6038 0.0827251 -21.3422 1.86444
76 1.87701 0.0982765 -23.1986 1.93045
77 6.2807 0.141057 -19.6629 3.30934
78 5.78019 0.128338 -20.6909 3.84105
79 1.65539 0.0820441 -21.7454 1.60191
80 2.18359 0.0972472 -23.0331 3.69639
81 4.63055 0.129952 -18.7268 3.4764
82 10 0.163019 -20.8033 7.00728
83 6.91587 0.150698 -19.5692 3.33197
84 1.86555 0.0941892 -25.7431 5.06772
85 7.54116 0.154323 -20.5968 3.09755
86 1.10259 0.0792486 -20.3817 3.04909
87 4.54269 0.147199 -18.7177 2.48997
88 7.36082 0.153236 -18.4128 3.29012
89 1.47072 0.0888977 -20.4893 2.97547
90 4.54543 0.141906 -16.5306 4.00593
91 2.25645 0.107684 -21.3981 2.11875
92 3.91218 0.109353 -21.1331 1.9219
93 2.0154 0.0925922 -22.9158 2.2872
94 2.10059 0.107263 -20.9038 3.00675
95 7.17587 0.122141 -26.4703 3.64878
96 3.54262 0.104256 -23.04 2.60972
97 7.66841 0.12126 -23.703 4.12359
98 6.06646 0.121856 -22.8889 2.78202
99 6.10911 0.124908 -22.2155 4.71729
100 2.07145 0.100916 -23.2081 2.44045
101 6.74571 0.138232 -21.9434 4.26521
102 5.22567 0.123095 -20.8563 2.30084
103 9.22604 0.129852 -22.1617 3.70083
104 1.91353 0.0994286 -20.7584 2.82602
105 1.87402 0.0991232 -21.5159 3.29666
106 1.89524 0.0840879 -22.3585 1.36611
107 2.00994 0.0889337 -21.5391 1.35744
108 1.66022 0.0828597 -20.7031 1.55855
109 5.81011 0.146339 -18.974 4.38809
110 1.47646 0.0880061 -21.5454 2.66127
111 4.48598 0.128701 -19.3741 3.44847
112 5.9611 0.119192 -25.6803 3.29763
113 8.40741 0.125881 -27.0225 3.97062
114 6.82721 0.144317 -24.2179 3.16567
115 6.2473 0.124617 -23.3902 1.73595
116 2.21725 0.112367 -24.0177 3.1446
117 5.25511 0.124743 -21.1681 3.49596
118 1.8238 0.0830836 -24.0205 1.14042
119 4.6425 0.115297 -21.8751 2.79637
120 1.91503 0.0850143 -23.208 1.42548
121 4.66507 0.131679 -21.8326 3.14057
122 2.22489 0.0837566 -22.8164 1.9246
123 5.4314 0.142857 -21.3514 3.84275
124 1.91302 0.0820235 -25.5029 2.71434
125 7.83466 0.132015 -21.5667 4.3279
126 6.94857 0.129307 -21.4082 4.04311
127 10 0.138788 -23.013 4.0633
128 10 0.147616 -22.7522 4.83029
129 1.87151 0.117979 -22.9399 4.34803
130 1.79744 0.0983969 -22.7956 2.60882
131 2.26805 0.0998854 -23.3787 3.30064
132 1.96717 0.097561 -22.8641 2.2069
133 10 0.143684 -22.9684 4.39929
134 10 0.13871 -23.5422 4.47538
135 10 0.149894 -22.2837 3.35443
136 1.98233 0.0969243 -22.5029 2.64061
137 10 0.144295 -22.5747 5.58558
138 6.57095 0.156995 -19.1025 4.78482
139 2.15686 0.111243 -21.0101 1.52379
140 1.83087 0.0844986 -22.5594 2.2309
141 2.11792 0.0861364 -22.3535 1.86553
142 2.39377 0.109133 -21.6358 1.12893
143 2.15193 0.112187 -23.1872 2.70046
144 1.8769 0.0923379 -24.4355 2.05721
145 3.04274 0.111475 -20.7147 1.59066
146 8.80685 0.121803 -20.2696 4.60811
147 1.57071 0.0913169 -20.9785 1.78818
148 10 0.165526 -21.3059 3.41287
149 10 0.14297 -22.106 3.63664
150 10 0.161149 -22.4565 5.30751
151 6.06926 0.122077 -21.6186 4.42656
152 10 0.158965 -22.7726 4.98829
153 1.83554 0.103493 -22.3821 1.62871
154 6.47151 0.141327 -20.6615 2.46538
155 1.77182 0.0895537 -23.526 3.89476
156 1.61085 0.0821667 -20.898 2.2909
157 1.74792 0.0870203 -22.2991 2.76425
158 1.88389 0.103745 -21.9436 0.928536
159 1.63783 0.0731324 -22.4131 2.49629
160 1.60345 0.0805374 -23.266 2.38449
161 1.66565 0.0858244 -22.1342 2.17568
162 1.64312 0.091473 -24.0303 3.97894
163 1.62832 0.103037 -20.7013 2.92013
164 1.77278 0.0925623 -21.3766 1.57348
165 1.68345 0.0867363 -20.8716 0.937517
166 1.52002 0.0782274 -20.8193 2.13842
167 1.91669 0.0999126 -21.9639 3.02381
168 1.57971 0.0729934 -22.2642 2.46134
169 10 0.170433 -20.8264 6.92269
170 10 0.174796 -21.2782 6.81292
171 1.85416 0.0974502 -20.4827 1.77065
172 10 0.167968 -20.7522 5.86591
173 1.90235 0.0922915 -20.1132 2.9828
174 1.58188 0.0955215 -22.016 2.43238
175 1.08419 0.06535 -20.7032 3.19386
176 1.63461 0.0803866 -23.3447 2.49386
177 1.58812 0.0803488 -20.6324 1.56466
178 1.80477 0.104648 -22.0757 4.61848
179 1.96421 0.0848131 -21.8251 2.99984
180 10 0.15279 -25.3046 3.28499
181 1.86419 0.0764541 -24.9493 1.72737
182 2.02885 0.0690863 -25.5354 2.18093
183 2.14028 0.092932 -24.1493 2.34726
184 6.74727 0.132547 -24.1101 3.27296
185 1.89663 0.0906075 -24.161 2.18562
186 5.99067 0.154017 -23.3576 2.72958
187 8.06606 0.156099 -23.4747 3.61186
188 2.22148 0.109237 -25.0755 1.59837
189 1.78362 0.0675732 -25.4793 2.8662
190 6.42334 0.130807 -22.5334 3.41116
191 2.22161 0.0918235 -24.4999 2.30529
192 2.21841 0.0977702 -25.6901 3.19943
193 2.00468 0.100354 -25.6943 3.20508
194 1.89278 0.0874608 -24.3377 1.63379
195 1.84644 0.085802 -23.7026 0.835116
196 2.13131 0.0907846 -23.99 1.89891
197 1.71821 0.0824646 -24.2244 1.99621
198 1.70306 0.0988243 -24.6499 2.5795
199 1.86531 0.0747227 -25.1627 1.9422
200 2.1351 0.1146 -22.4807 2.43797
201 2.19961 0.0891213 -22.3317 2.66253
202 10 0.128324 -22.5055 3.90236
203 2.07715 0.092743 -22.4109 3.51114
204 2.09743 0.0900727 -24.1072 2.95852
205 10 0.145448 -23.0812 3.68282
206 2.02434 0.0800789 -25.3322 2.85157
207 2.0374 0.121588 -23.8736 2.31187
208 1.66886 0.0960724 -22.8215 1.17022
209 1.78097 0.104771 -25.106 3.74757
210 1.66738 0.0833083 -22.9002 2.22406
211 1.76775 0.072531 -25.0338 2.62025
212 1.82227 0.0836617 -24.6672 1.79542
213 1.60337 0.0871851 -24.3054 1.64683
214 1.50834 0.0746671 -24.3562 2.79089
215 1.76104 0.0704607 -25.7535 2.93524
216 1.9564 0.11055 -23.6425 2.37318
217 4.85534 0.130981 -21.899 2.88098
218 1.89704 0.0957433 -23.5602 2.73377
219 1.56551 0.0814206 -22.825 2.61162
220 9.27338 0.146359 -20.9394 4.40935
221 1.72322 0.0979798 -21.3263 1.44261
222 1.54711 0.0841069 -23.8947 1.57233
223 1.67024 0.0782929 -22.8311 1.61748
224 1.82184 0.0996688 -22.7106 1.56967
225 1.75245 0.0894451 -24.6057 1.25377
226 1.65836 0.0995131 -21.8751 1.79034
227 1.88905 0.0969952 -25.2136 3.27714
228 1.60912 0.0737761 -23.8292 1.77122
229 1.55647 0.0860701 -22.7858 1.86527
230 1.94969 0.099611 -25.4451 4.20565
231 1.56958 0.0985964 -22.1858 2.5388
232 1.6691 0.101245 -24.1293 2.25051
233 1.38597 0.0740915 -23.07 2.96512
234 4.51227 0.123045 -22.0044 3.80644
235 1.97735 0.085734 -24.7736 3.10839
236 1.83982 0.098112 -23.735 2.09689
237 7.16314 0.137427 -21.5378 3.12253
238 1.93083 0.0844724 -23.0797 1.66046
239 1.69109 0.0750892 -24.6016 3.05762
240 1.75854 0.0940618 -25.377 4.16107
241 1.69838 0.0940431 -24.365 3.86065
242 1.86221 0.0941253 -23.3947 1.99908
243 1.95159 0.102063 -24.9839 3.84576
244 10 0.15822 -22.2745 4.43719
245 1.63822 0.0882034 -25.3363 1.86996
246 2.04999 0.0932993 -23.5723 1.23287
247 1.88985 0.0998369 -23.183 0.773961
248 1.69407 0.0673736 -22.8932 2.82749
249 10 0.151086 -23.1041 3.54777
250 1.68724 0.0796013 -24.6903 1.65656
251 1.83908 0.0923693 -23.3649 1.33601
252 1.86323 0.0984217 -22.4269 0.39186
253 8.50193 0.148515 -23.2605 4.27404
254 1.45454 0.083995 -22.8462 1.25776
255 1.55447 0.078867 -24.0696 1.41746
256 2.09878 0.108815 -23.1963 3.12786
257 1.55992 0.0819094 -21.8023 1.38321
258 1.68046 0.0956439 -22.6922 2.45394
259 2.00546 0.0916823 -23.135 3.3698
260 10 0.153204 -20.1396 3.85699
261 1.66278 0.0783257 -23.8135 1.81081
262 10 0.129548 -21.8313 4.43601
263 2.35133 0.117626 -19.9471 2.30486
264 1.47073 0.0953912 -21.6103 1.34621
265 1.48643 0.0797597 -23.4179 1.31113
266 10 0.164107 -22.0786 5.12391
267 1.84691 0.0884516 -24.0775 3.65616
268 4.57545 0.132516 -19.7816 3.02493
269 2.90789 0.105521 -20.6619 2.31482
270 1.81983 0.091566 -24.6196 2.94826
271 1.87294 0.0920657 -22.4379 2.53062
272 10 0.162336 -21.7234 6.02391
273 1.76426 0.0816696 -23.3746 2.57293
274 1.8492 0.11174 -23.5315 3.41228
275 1.64593 0.0882514 -22.6651 2.97186
276 1.43866 0.0881973 -20.5465 2.87727
277 1.61517 0.0822206 -22.8237 2.81379
278 1.49765 0.07938 -22.5281 2.81705
279 1.51488 0.0852888 -21.7726 2.96881
280 1.65998 0.0818549 -22.9306 2.29714
281 1.60565 0.0866169 -23.8335 1.73303
282 1.85999 0.0937412 -22.8825 1.86839
283 1.19289 0.0831582 -20.8266 2.68357
284 1.52163 0.0832304 -21.8668 2.59562
285 1.63094 0.0786264 -24.7285 3.95108
286 1.4156 0.063453 -23.7455 3.12564
287 1.34614 0.0715663 -23.3751 2.89127
288 1.47708 0.0768033 -23.1077 3.0948
289 1.63277 0.0893504 -23.1564 1.30326
290 1.53023 0.0684005 -21.1935 3.39193
291 8.55167 0.142626 -20.7178 4.40938
292 1.33199 0.0775749 -23.2719 3.51122
293 1.70502 0.083419 -22.547 2.3573
294 1.65621 0.088382 -20.8231 1.17693
295 8.06656 0.159154 -19.4562 5.42665
296 1.76316 0.101052 -20.6348 1.69605
297 6.69752 0.135301 -19.9084 2.08914
298 1.41712 0.09691 -19.96 2.06276
299 6.18104 0.155319 -18.9058 4.43953
300 1.5332 0.0854173 -23.7853 2.93731
301 4.62312 0.119168 -19.7525 3.70212
302 1.59008 0.0876575 -23.9369 3.66391
303 2.1879 0.110957 -20.8821 1.36305
304 1.87247 0.107715 -25.1136 4.01783
305 1.83542 0.103316 -24.3892 3.52183
306 1.59888 0.0817689 -21.2651 2.21339
307 1.79092 0.07811 -22.3374 2.49853
308 2.04516 0.0999336 -21.3733 2.84741
309 10 0.170973 -20.1803 5.43779
310 7.85705 0.128488 -20.252 5.10085
311 1.38813 0.0644333 -21.7317 2.65926
312 8.17396 0.144863 -19.2628 5.0707
313 1.40433 0.091301 -22.063 1.87795
314 6.8551 0.135918 -20.4855 3.91983
315 1.32796 0.0777153 -21.8038 1.39463
316 5.32482 0.136321 -20.5149 3.21916
317 1.6752 0.0909454 -22.6353 2.18963
318 1.33445 0.0849747 -20.2105 1.47476
319 5.42796 0.145284 -19.346 4.00274
320 10 0.16277 -25.4788 4.65253
321 1.971 0.0947397 -24.0868 1.30791
322 7.2109 0.150222 -23.1536 4.50331
323 2.09716 0.0902623 -26.8175 1.89176
324 6.34626 0.131976 -23.8782 3.28195
325 2.50543 0.105991 -25.6884 1.46594
326 2.29148 0.100595 -28.8535 3.83904
327 2.25361 0.108785 -23.1893 1.77883
328 2.04765 0.0933074 -27.2588 2.62849
329 2.14752 0.105233 -23.7714 2.55789
330 10 0.370249 -20.7764 9.77309
331 1.89649 0.110733 -23.6135 2.3484
332 1.86959 0.0843947 -24.9563 2.51754
333 1.98998 0.106163 -25.7661 2.98765
334 1.85878 0.108722 -24.0638 2.08851
335 10 0.178299 -24.641 5.66348
336 1.8288 0.104215 -23.9899 2.05378
337 2.28232 0.100331 -22.8404 2.05603
338 2.07793 0.109704 -23.8075 2.12134
339 1.64104 0.0823116 -24.0456 2.07693
340 2.12382 0.117276 -24.7046 2.50178
341 2.02629 0.0936634 -26.5261 2.48282
342 1.81376 0.10254 -24.3932 1.23282
343 1.63931 0.0883968 -22.9476 1.15266
344 2.04893 0.105117 -25.1881 3.13248
345 1.6828 0.0756752 -24.0282 1.46293
346 5.83312 0.126111 -22.5968 2.89984
347 10 0.17161 -21.681 4.83815
348 2.43621 0.0994949 -22.908 1.6694
349 1.74507 0.0837123 -22.951 2.07638
350 1.84864 0.10948 -24.9414 1.27188
351 1.63361 0.0650673 -24.7426 2.79145
352 1.84891 0.0865502 -24.4363 2.55433
353 1.87587 0.101686 -22.6332 2.6306
354 1.74454 0.0650468 -23.4345 2.43032
355 1.85271 0.103487 -23.2587 2.26595
356 8.28326 0.163886 -21.1306 4.69856
357 10 0.162577 -23.893 6.45866
358 2.06684 0.0963667 -27.2954 4.30588
359 7.51807 0.165691 -21.4454 4.39709
360 1.70721 0.094187 -23.966 2.5335
361 1.8719 0.0828 -24.4452 3.57013
362 1.72514 0.0817086 -25.7331 3.54887
363 1.8305 0.0911764 -24.3266 2.45194
364 1.63453 0.0931276 -24.1286 3.90999
365 7.91331 0.13631 -22.8987 4.07357
366 1.61473 0.103139 -23.8234 3.47094
367 1.81845 0.102963 -22.921 1.40583
368 1.87921 0.090618 -22.3776 2.56619
369 1.66319 0.0752905 -23.5184 2.47866
370 6.89868 0.137892 -22.6933 3.99812
371 1.5474 0.0765898 -22.6449 2.59929
372 10 0.152668 -20.2736 4.75257
373 1.63052 0.0818379 -24.5485 2.35605
374 1.56797 0.0842256 -24.0151 1.64937
375 7.62538 0.137675 -21.5934 3.72399
376 1.96003 0.090105 -24.7637 3.57667
377 1.67425 0.0981561 -23.3849 2.52898
378 1.42397 0.0844914 -22.9771 0.970436
379 1.89941 0.111425 -22.4637 2.87726
380 1.38856 0.0806179 -23.0849 1.14561
381 1.64278 0.0858481 -23.7058 2.61009
382 1.71683 0.0907942 -22.9525 1.01579
383 1.83224 0.11513 -23.9049 2.90199
384 2.07711 0.0918422 -24.1948 3.44177
385 1.56167 0.0852218 -23.2139 1.86659
386 7.81886 0.156314 -20.628 3.84805
387 4.56343 0.112726 -20.114 3.73051
388 1.58124 0.086012 -23.4325 3.21999
389 10 0.160411 -20.7532 4.89569
390 2.3885 0.109494 -21.1405 2.24357
391 1.58152 0.0732425 -23.7689 2.43022
392 1.69056 0.083176 -23.5537 2.10064
393 1.49629 0.0691965 -23.479 1.90029
394 1.5018 0.0890253 -25.3652 3.55075
395 10 0.156121 -22.4495 4.51678
396 10 0.163383 -22.679 5.07526
397 1.86759 0.115558 -23.34 3.33136
398 1.43728 0.0818368 -24.9652 2.81455
399 1.76555 0.0865092 -26.8626 5.72452
400 1.61837 0.0918703 -22.9153 3.10641
401 1.73289 0.0873668 -23.0424 3.21218
402 1.59961 0.0893097 -24.2265 1.51996
403 1.7265 0.0962593 -22.8209 2.9257
404 1.76739 0.0924773 -23.7733 1.78482
405 1.47782 0.0910445 -24.1947 3.09447
406 1.56756 0.0930866 -22.1386 2.89779
407 1.54923 0.0824454 -23.5048 4.1996
408 1.47143 0.0823771 -24.0701 2.46245
409 1.14897 0.0709743 -22.8227 3.07489
410 1.20491 0.0996409 -20.8255 3.87601
411 1.58205 0.0859523 -22.8383 3.24491
412 1.0529 0.0599683 -22.4488 3.85736
413 1.60227 0.0837419 -23.8492 2.53861
414 1.36588 0.0861316 -22.7165 2.26967
415 1.19681 0.0650556 -22.6814 3.26217
416 1.62987 0.0967605 -23.0542 2.55567
417 1.62396 0.0817279 -22.1454 2.21421
418 7.25155 0.158171 -18.4791 5.46069
419 1.21619 0.0712135 -21.9985 1.20418
420 5.30847 0.159662 -19.2015 2.93929
421 10 0.15772 -21.0033 3.60265
422 1.76743 0.117482 -21.5904 3.38938
423 1.73355 0.0862389 -23.5003 1.26331
424 1.72775 0.0972673 -23.4835 3.46935
425 1.38088 0.0882668 -21.919 3.83925
426 1.36212 0.0982997 -21.6774 1.88484
427 10 0.148415 -19.4762 5.74543
428 1.75289 0.0896108 -23.8416 2.71723
429 1.82677 0.0938359 -25.9877 4.31461
430 1.41048 0.0811629 -24.1088 2.14791
431 9.66785 0.152291 -21.0164 4.63935
432 1.56853 0.0855515 -21.9077 1.78627
433 1.70492 0.0876945 -24.1512 4.27504
434 10 0.193561 -18.5926 6.76295
435 1.60041 0.0787285 -22.5969 2.1948
436 1.2173 0.0723876 -21.9901 2.29112
437 4.81944 0.115837 -22.9413 2.4002
438 7.21522 0.144613 -19.3668 3.78436
439 2.23108 0.0953249 -24.9116 2.06608
440 2.21335 0.0848101 -25.2443 3.18803
441 9.74159 0.127695 -24.3111 4.05794
442 2.02416 0.107627 -23.3638 2.87438
443 10 0.148999 -24.4039 4.91141
444 10 0.138346 -21.6037 4.10031
445 1.69237 0.093205 -22.6061 2.20379
446 2.0826 0.107106 -23.045 3.54622
447 10 0.144118 -23.4059 6.78887
448 3.2545 0.108278 -19.7006 2.4161
449 2.02628 0.0956828 -21.4371 3.04943
450 1.64153 0.080159 -24.8738 3.91404
451 3.10357 0.114727 -24.5851 3.16524
452 9.67841 0.143152 -23.682 3.7758
453 5.49981 0.136724 -23.6385 3.72346
454 2.21689 0.101939 -25.5236 3.10186
455 1.93125 0.0929242 -25.653 3.23448
456 10 0.142314 -24.7709 2.63098
457 2.10672 0.0924914 -26.5397 3.89492
458 1.81065 0.0812371 -24.158 2.74263
459 1.79852 0.0843933 -23.7398 2.54724
460 5.54565 0.122694 -23.0707 4.46337
461 1.9236 0.0866949 -24.6694 4.24293
462 2.1277 0.103735 -23.4928 2.3967
463 1.69107 0.0796842 -24.2803 2.74563
464 6.81921 0.148174 -21.1379 4.87268
465 1.87524 0.0909972 -23.5043 0.734088
466 10 0.156497 -24.2339 6.39404
467 2.13677 0.0903906 -22.8486 2.40676
468 10 0.150772 -21.7103 3.93475
469 2.06285 0.102411 -21.9164 1.37219
470 1.48365 0.0719059 -24.4769 3.6375
471 1.65644 0.0808221 -24.0675 3.55397
472 1.68513 0.0807534 -23.9363 2.98591
473 1.59538 0.0774697 -25.4867 3.81271
474 1.80566 0.0995503 -23.332 4.3388
475 1.47511 0.0746878 -22.7884 2.55907
476 5.49926 0.122826 -21.0999 3.29749
477 1.82101 0.0734199 -24.063 3.08926
478 1.76558 0.0846126 -26.5071 3.8002
479 1.63886 0.0831267 -21.6746 1.57807
480 6.60606 0.144967 -21.3675 4.91547
481 1.70649 0.078067 -24.1706 4.51443
482 1.8403 0.0788032 -26.2921 4.07203
483 10 0.145306 -21.7478 3.43354
484 1.58382 0.0921651 -24.7251 3.74514
485 2.0945 0.0975109 -26.4608 2.19349
486 4.98695 0.116338 -25.0283 3.60138
487 2.11878 0.0960429 -25.4621 1.89235
488 10 0.166827 -24.2524 4.835
489 2.14648 0.0931618 -27.6907 2.83664
490 8.12005 0.133824 -25.7703 4.93198
491 10 0.135945 -23.1592 4.59342
492 1.98882 0.0844271 -24.2844 2.24929
493 10 0.162932 -24.9916 5.6003
494 1.89607 0.069219 -25.8259 2.84869
495 1.90223 0.0810267 -25.5914 3.17957
496 4.32687 0.11397 -22.4434 3.17146
497 1.87328 0.111753 -25.4006 2.75266
498 2.18388 0.0925223 -27.1112 2.71188
499 1.83705 0.0982482 -24.2109 1.62397
500 1.93755 0.102833 -25.1718 2.15522
501 1.87499 0.0943066 -26.0285 2.90338
502 10 0.154172 -25.0132 5.33124
503 1.73106 0.0744831 -24.5053 1.12309
504 1.93886 0.0966878 -25.2199 3.91958
505 2.1129 0.094561 -27.1417 3.01092
506 2.12856 0.0998376 -23.4239 1.48382
507 1.9614 0.0984012 -22.7532 1.90279
508 2.02352 0.076111 -25.3129 2.77247
509 5.3251 0.134354 -23.7398 3.3547
510 2.16938 0.108579 -27.2436 3.81876
511 2.1209 0.0959765 -25.0034 2.94727
512 2.47819 0.099289 -26.593 3.88213
513 10 0.148928 -24.0359 5.0202
514 1.91134 0.096081 -23.6005 2.84654
515 2.10938 0.0805772 -25.162 2.10881
516 2.23906 0.107234 -24.3696 2.542
517 5.03055 0.123186 -23.0209 3.53448
518 7.45657 0.152509 -21.45 3.67049
519 2.19485 0.0912395 -27.2665 4.37718
520 10 0.193203 -23.5875 7.42141
521 2.7532 0.119841 -22.8167 2.42435
522 6.42808 0.150126 -21.7964 4.49675
523 1.76861 0.0846379 -25.0779 2.96488
524 1.63949 0.0846426 -25.1645 2.64946
525 5.36689 0.124966 -22.013 3.65335
526 1.91882 0.0788933 -23.4949 4.05821
527 2.21331 0.0969455 -23.7921 2.59396
528 1.93529 0.0788106 -26.2684 3.51301
529 1.68087 0.0907733 -24.7293 1.56927
530 5.66889 0.129819 -22.679 3.9511
531 1.80062 0.0873317 -24.0247 1.43295
532 1.8734 0.0948299 -24.4721 1.37795
533 1.90519 0.1077 -22.473 1.36798
534 1.5029 0.0740828 -23.5387 2.43328
535 1.68483 0.0729008 -24.5591 1.85554
536 4.83292 0.12873 -20.6347 3.64337
537 1.86038 0.105059 -23.2457 1.7554
538 1.9018 0.0942329 -24.8772 2.49606
539 1.82282 0.069283 -25.2778 1.6357
540 5.92933 0.131436 -22.8098 3.49183
541 1.82794 0.102419 -26.7084 4.00304
542 10 0.154824 -22.443 5.11391
543 1.91592 0.0739389 -25.9577 3.20716
544 1.5461 0.0937466 -26.0018 3.71637
545 10 0.17823 -22.6873 3.55334
546 1.69342 0.0913465 -24.9271 1.87189
547 1.99166 0.0997846 -24.9951 2.38859
548 1.67438 0.076144 -23.3575 1.89346
549 1.84795 0.0913139 -24.4657 1.26119
550 2.15694 0.0953386 -25.6823 3.53714
551 2.15742 0.090728 -23.7575 1.94642
552 1.99166 0.0997846 -24.9951 2.38859
553 1.2678 0.0743089 -23.0828 2.36218
554 4.21329 0.113132 -22.7895 3.59998
555 9.67022 0.123745 -21.9522 5.53743
556 1.75726 0.0755331 -27.0771 4.44744
557 3.56264 0.10951 -20.6137 2.27487
558 1.89679 0.0921886 -25.4817 3.93052
559 1.40761 0.0748694 -23.1288 1.40361
560 1.7415 0.0918815 -24.072 2.97836
561 6.45503 0.141469 -22.4241 2.75706
562 5.78733 0.1454 -21.2212 3.00603
563 1.88383 0.0908502 -24.9932 3.03974
564 1.94805 0.102692 -25.1394 2.77103
565 10 0.153469 -22.7928 5.06998
566 1.75537 0.0908873 -22.3555 1.81854
567 1.6366 0.0888532 -22.5081 1.25187
568 2.08844 0.0877439 -24.7144 3.12819
569 1.97448 0.077613 -22.545 2.16335
570 1.60932 0.0814588 -22.7822 1.78998
571 1.8427 0.0926437 -25.9356 1.91593
572 1.48711 0.0713341 -24.1746 2.01634
573 1.89349 0.0771585 -23.5494 1.98766
574 6.15757 0.140074 -22.1454 5.38254
575 1.77639 0.0877718 -24.1507 2.43694
576 1.65611 0.0834615 -24.2224 2.92271
577 1.59347 0.0828635 -25.2772 3.78686
578 7.81074 0.14428 -20.5043 5.35854
579 1.89629 0.10607 -23.5079 2.5523
580 1.32922 0.0823948 -22.9468 2.14505
581 1.86887 0.102734 -23.2239 3.4935
582 1.88578 0.0849173 -25.1217 3.53368
583 1.35477 0.0556719 -23.8369 3.24258
584 1.98906 0.116834 -24.9623 3.64586
585 1.34398 0.0830889 -22.2618 3.58501
586 1.41391 0.0810976 -23.7464 2.47126
587 1.7063 0.0805962 -23.1396 2.07299
588 1.71643 0.0874531 -22.5156 1.8836
589 1.96894 0.0935706 -23.6685 3.23659
590 1.37086 0.0717977 -23.9075 1.75118
591 7.34951 0.12471 -21.1909 5.20075
592 1.8276 0.102088 -22.9262 4.60545
593 8.32449 0.154296 -22.0378 3.45461
594 1.56756 0.0801914 -23.3454 0.901833
595 1.61047 0.0607124 -24.3517 2.9819
596 1.67439 0.0979393 -24.616 4.17547
597 1.71069 0.0630982 -24.7786 3.23212
598 1.53115 0.0635524 -25.8752 3.112
599 9.49658 0.150509 -21.3421 5.8805
600 1.3636 0.0654625 -23.2535 3.22991
601 1.91362 0.0920694 -24.3925 1.52925
602 1.88523 0.102868 -22.6052 1.34843
603 1.5506 0.0808946 -24.1982 1.77376
604 1.57841 0.093455 -20.825 1.05681
605 2.02504 0.0928589 -23.9187 3.30306
606 1.68772 0.0854228 -24.2604 2.03247
607 1.57421 0.104331 -20.9858 1.60666
608 1.74839 0.0744058 -23.7943 4.30062
609 1.62355 0.0639853 -24.4804 2.85981
610 1.86692 0.0863909 -22.599 3.07309
611 1.77172 0.0904588 -23.3633 3.76593
612 10 0.170358 -21.6061 8.07718
613 1.69461 0.0900714 -22.9763 1.09664
614 1.54924 0.0986811 -24.1324 3.02951
615 1.24685 0.0822016 -22.0576 1.73257
616 7.98859 0.144572 -20.4903 5.57417
617 1.72121 0.0659217 -22.4345 3.04618
618 1.14032 0.0665478 -23.4054 2.00092
619 1.79015 0.106102 -22.5923 2.59846
620 1.60179 0.08719 -21.0661 1.13962
621 1.5231 0.0864121 -23.1124 3.10468
622 2.36664 0.0938977 -27.0346 2.08926
623 2.07797 0.0789386 -26.2225 3.15661
624 1.9358 0.0941951 -25.5933 2.2475
625 2.30985 0.0888182 -24.5107 1.91168
626 1.6794 0.0929155 -24.8046 2.41339
627 2.03157 0.08541 -26.3466 2.83368
628 2.27492 0.112392 -26.6162 1.50138
629 2.05608 0.112607 -25.3967 1.92278
630 2.14873 0.0989474 -24.0355 1.81728
631 2.08609 0.112635 -26.0435 2.27931
632 1.80974 0.0666057 -25.9695 3.31652
633 2.08814 0.0870431 -27.9351 3.70044
634 2.08707 0.119467 -26.4726 2.79394
635 2.08335 0.0822099 -27.1876 2.08736
636 2.32269 0.111257 -25.8476 2.79449
637 1.91432 0.0990549 -26.6905 2.11821
638 10 0.20727 -24.3536 7.36812
639 1.98751 0.0937107 -25.6025 3.50926
640 2.10857 0.108167 -24.5763 1.94728
641 1.53119 0.0805428 -25.1938 2.81081
642 1.87757 0.0733425 -25.6403 2.27991
643 1.61337 0.0736293 -25.3743 1.89706
644 1.81315 0.0730549 -26.2379 1.01447
645 6.66415 0.135708 -23.1752 3.03475
646 1.98774 0.0771985 -25.3785 1.82709
647 2.04016 0.105004 -25.5621 1.63806
648 1.4864 0.0650678 -24.2887 3.02893
649 2.00006 0.07609 -28.7082 2.61707
650 1.84783 0.0886217 -24.296 2.00036
651 8.00166 0.153367 -25.2916 3.41413
652 2.36622 0.09256 -28.8473 3.94653
653 2.10891 0.0863465 -26.5268 2.8679
654 1.85822 0.0813655 -24.7292 2.31584
655 5.16666 0.14335 -21.3664 2.7166
656 2.02003 0.100469 -24.8525 2.00559
657 1.7931 0.0772316 -25.1105 1.7413
658 1.78169 0.0873149 -24.8933 2.49393
659 2.08831 0.0944724 -27.6768 3.56858
660 1.81353 0.0852545 -25.178 0.784352
661 2.06907 0.0932126 -26.274 1.06169
662 1.70795 0.0965322 -26.0904 1.84939
663 2.02453 0.101486 -26.4399 2.56932
664 1.61667 0.0896519 -25.4632 1.3976
665 6.68684 0.149286 -22.9125 4.16326
666 1.63733 0.0732882 -24.9235 2.232
667 1.34797 0.0609628 -24.9903 2.7931
668 1.97289 0.098668 -23.5628 1.97215
669 1.64876 0.0819591 -22.9756 2.20205
670 1.73369 0.0844948 -27.0002 2.68464
671 10 0.128105 -22.5889 4.14086
672 10 0.162106 -23.0878 3.48621
673 1.89645 0.0731126 -25.8946 2.2443
674 5.72691 0.134787 -21.8226 3.54059
675 2.12176 0.0769344 -24.2755 2.64496
676 2.16141 0.10152 -25.5298 2.41307
677 1.8137 0.0817468 -25.146 1.62183
678 2.79297 0.115045 -23.0298 2.40768
679 1.69542 0.0987236 -24.1321 1.84868
680 1.82871 0.096561 -25.1238 2.25308
681 7.63849 0.138669 -23.8226 3.76501
682 8.76756 0.147014 -23.3407 6.06178
683 2.02804 0.0808123 -29.6832 4.2421
684 10 0.179161 -22.1926 6.31793
685 2.36726 0.114775 -26.6411 2.60199
686 2.16928 0.126317 -23.075 2.20743
687 2.08705 0.073406 -25.262 3.23922
688 1.89286 0.0810912 -25.1768 3.6182
689 1.76786 0.0794205 -25.8613 2.87909
690 1.814 0.0732484 -27.0042 3.78445
691 1.67376 0.0815295 -24.7285 1.91462
692 1.95541 0.0922593 -24.6752 1.93119
693 1.73867 0.0722634 -26.2325 3.95323
694 1.63691 0.0577519 -26.0849 5.35929
695 1.71328 0.0806093 -26.0999 2.89799
696 1.51157 0.0791037 -23.5591 2.00805
697 6.09998 0.131671 -21.8803 3.73418
698 1.89084 0.0773598 -26.2998 3.83522
699 1.35224 0.0741491 -23.4361 2.41888
700 1.88297 0.0931495 -25.6616 1.27436
701 1.91429 0.0913431 -26.1385 2.26564
702 1.71219 0.0869269 -24.6177 1.21532
703 1.89615 0.0822756 -23.6269 1.47139
704 1.65652 0.0787782 -23.7724 1.34337
705 1.58176 0.0896175 -23.3953 2.15329
706 1.67292 0.0768276 -25.0033 1.88286
707 1.95072 0.0821512 -25.2359 3.12363
708 1.9406 0.104378 -27.7933 4.25684
709 2.00811 0.090557 -24.0935 1.73605
710 1.6284 0.0778527 -24.3091 1.95743
711 10 0.153076 -23.8752 5.88261
712 1.58508 0.0906663 -24.9507 3.31635
713 1.87727 0.0973297 -25.0403 1.81278
714 1.72494 0.102558 -24.2277 1.51522
715 1.4296 0.0941059 -22.0033 2.82131
716 1.65815 0.0763243 -25.285 2.15597
717 1.67051 0.0897492 -24.735 2.5707
718 1.9196 0.0866514 -23.6743 2.82199
719 1.72945 0.0683125 -24.7041 1.65231
720 1.77092 0.0964785 -23.25 2.77645
721 1.79396 0.076126 -26.3347 2.04994
722 1.67419 0.0715711 -25.3355 3.11258
723 1.41612 0.0666005 -23.5792 2.10259
724 6.0704 0.133472 -21.503 2.14769
725 1.81946 0.0926363 -22.7825 0.894731
726 4.86054 0.122465 -21.4193 2.86971
727 1.92404 0.0957827 -22.8374 2.19481
728 1.67163 0.0754083 -25.7671 2.16867
729 1.41506 0.0662137 -25.3454 1.82498
730 10 0.157023 -21.8178 5.16074
731 10 0.191086 -22.9646 8.62364
732 7.87496 0.158679 -20.4332 5.08288
733 7.40426 0.143124 -21.5851 5.186
734 1.58867 0.0738444 -25.8509 0.99276
735 1.89925 0.0987492 -24.9389 2.40141
736 1.67132 0.0887595 -25.5748 2.82491
737 1.91338 0.0846717 -25.5676 2.0761
738 1.44529 0.0580662 -25.0886 2.5791
739 8.26679 0.167731 -21.1724 4.84807
740 1.8365 0.0911505 -24.1456 1.71474
741 1.62933 0.0724844 -24.2629 1.59289
742 1.87892 0.0875613 -28.669 5.53478
743 2.05172 0.0897023 -23.2958 2.40949
744 1.80824 0.104171 -25.8602 3.02549
745 1.95025 0.101464 -23.8713 1.83873
746 1.62915 0.0834201 -24.5037 2.12903
747 1.60857 0.105386 -23.1069 1.99816
748 1.88798 0.0949912 -26.4257 3.32608
749 1.9117 0.0938171 -25.8042 3.74015
750 1.87375 0.0955007 -23.6409 3.01779
751 1.5782 0.0671336 -26.3909 1.91514
752 1.76789 0.103464 -25.3488 3.13321
753 1.65306 0.0763219 -22.7534 1.53972
754 9.5955 0.142255 -22.615 4.65644
755 1.88258 0.0741424 -24.5412 2.64365
756 1.62699 0.0650875 -27.0814 3.26851
757 10 0.16611 -23.2085 7.13857
758 10 0.16436 -22.8781 3.27683
759 10 0.160296 -23.0608 4.03356
760 1.67762 0.0990991 -22.4699 1.344
761 1.94746 0.0794457 -26.6194 3.08231
762 1.62882 0.0872658 -24.837 1.9388
763 10 0.139608 -23.0403 5.11609
764 10 0.182516 -22.2422 6.73192
765 2.1857 0.0981976 -22.8133 1.61257
766 8.13434 0.164473 -22.303 4.74836
767 2.04083 0.0992378 -24.1049 4.30355
768 1.69033 0.105987 -24.7497 3.81436
769 1.55451 0.0824982 -24.3758 4.14605
770 1.83964 0.093538 -22.0776 2.55685
771 1.66797 0.0651665 -26.4181 4.6274
772 1.50606 0.0679799 -24.4682 2.80382
773 1.54251 0.0635578 -25.294 3.48807
774 1.28745 0.0743469 -22.013 3.96598
775 10 0.159698 -20.4531 5.21007
776 1.44065 0.0703193 -23.9856 1.98333
777 1.15251 0.0571594 -23.8486 3.38301
778 1.81732 0.0808462 -23.5159 3.03634
779 1.84072 0.106819 -24.8304 3.36291
780 1.44154 0.0793404 -24.2419 2.03724
781 1.41396 0.0730081 -22.0533 3.09209
782 1.36991 0.0637175 -24.1233 2.97259
783 1.22662 0.0467127 -24.9123 3.88029
784 1.59926 0.0979978 -22.6244 3.21828
785 1.87796 0.109217 -24.9684 2.8419
786 1.13695 0.0826089 -23.3179 2.8856
787 1.62584 0.0800723 -25.3002 2.67807
788 1.04229 0.0546213 -22.7254 4.77441
789 1.6498 0.0794074 -27.5442 4.54137
790 1.18517 0.0806294 -22.4891 2.70909
791 1.67588 0.0704753 -24.0372 2.72023
792 10 0.149298 -20.1501 5.43748
793 1.78372 0.0813499 -24.3121 3.1743
794 1.51845 0.0879438 -22.7707 2.64672
795 1.56341 0.0856848 -21.7262 1.66874
796 1.6038 0.0785399 -24.4434 2.01304
797 1.23073 0.0451368 -24.622 2.98136
798 1.57439 0.0733351 -27.5368 4.14145
799 1.6005 0.0760798 -24.2666 2.93668
800 1.67895 0.100831 -23.2475 1.75214
801 1.67161 0.0822104 -26.2495 3.1486
802 1.57269 0.091458 -23.5775 2.09605
803 10 0.165952 -21.2825 4.85089
804 8.8648 0.161119 -21.0909 5.61466
805 9.06859 0.14223 -21.8341 4.96582
806 1.26014 0.0847843 -22.3732 1.34972
807 1.49075 0.0807512 -25.2294 2.90551
808 1.66722 0.103593 -21.2932 2.07217
809 1.7566 0.0941268 -23.3788 3.60694
810 0.936511 0.0713635 -21.7344 2.30128
811 1.36199 0.0622452 -21.8805 2.32316
812 1.34595 0.074086 -23.3849 1.49521
813 1.50842 0.0808722 -24.2605 3.75923
814 2.18572 0.116715 -22.6108 1.52611
815 1.83997 0.11426 -25.7081 2.58981
816 1.7732 0.0996208 -21.6446 0.470845
817 1.4876 0.0878646 -21.7205 1.06232
818 1.96344 0.107609 -22.1919 2.85182
819 9.1217 0.161651 -21.4762 5.89941
820 1.6568 0.0668195 -22.4119 3.65453
821 1.73303 0.0909689 -21.3074 3.57172
822 1.32581 0.0839473 -22.9136 2.04752
823 9.60958 0.148327 -21.1379 4.7574
824 1.43649 0.0758122 -25.206 3.37745
825 10 0.142634 -20.8911 4.82071
826 1.51644 0.0887577 -21.326 2.47205
827 1.55814 0.0861765 -22.6419 2.15077
828 1.16046 0.0727063 -21.2568 1.79697
829 1.8025 0.0933297 -22.9685 4.12
830 1.61484 0.0812611 -24.5867 3.09503
831 1.06638 0.0556059 -23.5971 2.32364
832 1.40244 0.0531388 -25.5793 3.35241
833 1.54478 0.0910324 -23.0801 2.96378
834 1.37952 0.0870424 -22.1353 2.06943
835 1.3941 0.0685528 -22.1943 1.61915
836 1.72946 0.104856 -25.4917 5.29504
837 1.45559 0.0793588 -23.4786 2.53361
838 1.28947 0.0798546 -22.6045 1.96266
839 1.15699 0.0519067 -23.2359 4.49673
840 1.35161 0.101154 -19.4606 1.36504
841 2.17254 0.097169 -22.1652 4.0509
842 1.11309 0.063279 -22.9826 2.74901
843 2.30364 0.092291 -27.7457 2.89767
844 2.37461 0.106959 -28.971 2.84538
845 2.17429 0.103789 -26.9483 1.6103
846 9.02822 0.124664 -26.854 4.79543
847 7.55222 0.148766 -26.4713 4.56476
848 10 0.152491 -26.0564 5.28683
849 1.98461 0.0928186 -25.4138 1.09113
850 2.08817 0.0933836 -29.1593 3.93232
851 2.22403 0.126818 -28.8157 3.09999
852 2.18401 0.0820044 -29.73 4.05585
853 8.56718 0.144008 -23.5401 3.10498
854 1.95212 0.106943 -25.0482 2.08312
855 1.94449 0.104029 -25.8679 2.91771
856 1.74359 0.0808732 -25.4807 2.02382
857 2.0835 0.100321 -27.3283 3.46802
858 2.16384 0.0857062 -27.1982 3.50562
859 2.29423 0.123192 -25.4999 2.7219
860 10 0.168024 -26.5385 4.34915
861 1.60732 0.0876274 -24.9521 4.4201
862 1.73602 0.079774 -24.7429 1.09767
863 1.93593 0.0925201 -26.1024 2.8715
864 1.67877 0.0753628 -24.2384 2.30472
865 2.00025 0.0961575 -27.5736 3.8377
866 1.59698 0.0862812 -25.5215 2.64809
867 1.75903 0.0572116 -27.3621 2.52348
868 1.73208 0.0676596 -25.369 1.2109
869 1.73849 0.0852938 -28.3252 4.28699
870 1.61719 0.0709211 -24.5039 1.81347
871 10 0.15448 -22.7771 4.49968
872 1.92922 0.0946953 -29.0218 4.53974
873 1.54438 0.0822781 -25.4431 1.92581
874 1.95233 0.0867342 -23.7534 1.92122
875 10 0.168442 -23.5403 4.92465
876 1.97329 0.100501 -25.8374 2.06639
877 1.80772 0.0829683 -25.1666 1.24725
878 1.86106 0.0890302 -25.6674 1.49425
879 1.57983 0.0602897 -26.5108 2.4519
880 10 0.168356 -22.5029 5.88324
881 1.7681 0.0930729 -24.5596 4.09024
882 1.8122 0.100572 -22.3179 2.12325
883 1.76958 0.0982465 -25.0018 1.25699
884 1.61072 0.0781873 -26.9141 3.82248
885 1.88411 0.0905451 -26.2115 3.44778
886 1.57254 0.0572528 -25.4118 2.18476
887 1.69792 0.0747077 -24.2953 1.50713
888 1.84569 0.108962 -24.0846 1.89771
889 1.44545 0.0436091 -25.6156 4.2498
890 1.53007 0.0505218 -26.3645 3.42165
891 1.49102 0.0865864 -24.4113 2.50133
892 2.12448 0.119017 -26.376 3.07528
893 10 0.218347 -23.0636 5.91448
894 1.56649 0.0910607 -25.1918 1.5813
895 1.88692 0.086515 -29.4175 6.35847
896 1.73096 0.0927682 -26.3801 3.85979
897 1.616 0.0881665 -24.2906 4.85178
898 1.4453 0.0828819 -24.6426 3.39566
899 1.77309 0.0723753 -26.7699 3.44997
900 1.70313 0.0882964 -24.4084 1.78077
901 1.86185 0.0889336 -24.8826 1.71978
902 1.61516 0.0702524 -26.0963 3.57412
903 1.40521 0.0841814 -25.1141 3.46919
904 2.00023 0.100173 -27.3497 3.60464
905 1.60853 0.0704564 -26.6477 2.38233
906 7.58096 0.166938 -21.8292 3.44033
907 1.76291 0.0881806 -26.6502 2.60848
908 1.66275 0.0769369 -27.3663 2.61207
909 1.6829 0.0791958 -24.6766 1.98675
910 1.39884 0.100606 -23.1435 4.0734
911 1.63554 0.0988629 -23.1084 1.76737
912 1.84692 0.0959201 -23.2495 1.4433
913 1.79181 0.0902586 -24.7281 2.10501
914 1.58143 0.070219 -25.1485 2.76268
915 1.33082 0.0677873 -25.1485 3.0447
916 1.40384 0.0722814 -23.83 1.47623
917 1.66687 0.0822613 -24.4569 1.89054
918 8.68528 0.149714 -21.0801 4.87816
919 1.7127 0.0897032 -25.0854 1.04602
920 9.91752 0.155004 -22.93 3.08384
921 1.63358 0.0903069 -26.5133 2.34889
922 1.6727 0.074794 -25.2275 2.68004
923 1.88746 0.111888 -27.0219 2.62135
924 1.73949 0.0950649 -23.3452 1.40041
925 10 0.22661 -23.3818 8.05705
926 1.51216 0.0612576 -25.3359 2.4949
927 1.41523 0.0988882 -22.1822 4.13847
928 1.90666 0.118857 -25.0604 1.99219
929 1.67228 0.0878836 -24.4954 1.37448
930 1.78013 0.0954672 -24.0686 0.551285
931 1.78652 0.0920208 -23.6336 1.07829
932 1.58849 0.0894993 -25.8413 2.17212
933 1.14957 0.0826777 -22.1434 3.52684
934 1.17751 0.0896527 -21.9273 2.62008
935 1.7703 0.0876301 -22.6802 3.06074
936 2.00054 0.0835789 -23.0745 3.81966
937 1.6738 0.078646 -22.4216 2.05498
938 1.81478 0.0694339 -27.6785 4.89513
939 1.46414 0.0763101 -27.6005 3.37926
940 2.16609 0.114447 -24.4439 2.73103
941 1.22736 0.0812753 -23.5665 2.20062
942 1.84425 0.100821 -26.2118 3.03828
943 9.58733 0.164369 -21.5086 3.93488
944 1.38482 0.0562147 -24.6251 2.73669
945 1.52707 0.0810021 -25.5744 1.49654
946 1.60517 0.0877834 -23.2496 2.11512
947 1.37734 0.068568 -24.2522 1.65497
948 1.47765 0.0693897 -25.7013 3.0831
949 1.97528 0.11792 -26.3956 3.49076
950 1.43751 0.0815344 -24.0582 2.36195
951 1.58958 0.0773477 -24.8384 1.96145
952 1.65213 0.118502 -24.5297 2.29163
953 1.5234 0.116755 -22.9328 2.38817
954 10 0.233911 -20.9678 7.46736
955 1.81573 0.115357 -21.7255 2.71927
956 1.53637 0.0745986 -23.9904 3.17136
957 1.69107 0.0977199 -24.3295 2.68987
958 1.47093 0.0795568 -27.5835 4.5486
959 1.3791 0.0502149 -26.8061 4.39729
960 1.42053 0.0986861 -22.0603 6.02968
961 1.60057 0.0892874 -26.1651 2.88472
962 1.50712 0.0566147 -24.8434 3.64078
963 1.68324 0.0839411 -24.9277 1.99619
964 1.14302 0.0709077 -23.0355 2.54134
965 1.10803 0.0683314 -23.2173 4.02594
966 1.64435 0.0861166 -25.0516 2.56554
967 1.6391 0.0954929 -25.0014 3.51394
968 1.64534 0.0841948 -25.105 3.71388
969 1.50363 0.0685185 -24.6642 2.99484
970 1.51452 0.0676808 -26.435 3.21484
971 1.28298 0.09696 -22.9736 2.04104
972 1.42044 0.0702363 -25.3246 3.46089
973 1.54594 0.0662325 -24.8731 3.16458
974 6.99241 0.141927 -18.985 5.25837
975 1.88411 0.0998928 -23.3476 2.29938
976 1.34562 0.0771136 -23.0334 1.83714
977 1.61256 0.0916413 -24.8078 2.25932
978 1.6744 0.0712741 -27.6727 3.81552
979 1.75585 0.0905997 -24.0124 0.937274
980 1.65204 0.0860768 -24.612 1.84668
981 1.17424 0.0674276 -23.1534 2.73358
982 1.89914 0.112694 -22.9361 2.92161
983 1.38149 0.055305 -24.3895 2.55101
984 1.51718 0.0933531 -24.7423 1.40078
985 1.41351 0.0625262 -24.0506 2.77763
986 1.42422 0.086573 -23.8812 2.17526
987 2.02595 0.0976896 -23.9716 4.17647
988 1.46642 0.0653003 -24.8765 2.55836
989 1.40939 0.0735754 -20.7873 1.56262
990 0.863613 0.0426234 -22.8586 3.7425
991 0.879826 0.0443876 -23.3547 2.81574
992 1.68025 0.0755974 -25.6246 2.57261
993 1.40007 0.0670141 -24.3319 1.69604
994 9.13955 0.155829 -21.4978 4.47286
995 1.83672 0.0950953 -29.5799 4.98321
996 1.24445 0.0838782 -21.8283 1.26002
997 1.78056 0.0792844 -26.9915 4.66251
998 0.831828 0.0594596 -22.1597 2.99989
999 1.35411 0.0741629 -22.7063 3.32232
1000 1.04967 0.0479003 -22.2387 4.67685
